Optimal (within gap tolerance) - objective value -309.93434300
      1 squad[308,1]                                    1                       0
      2 squad[308,2]                                    1                       0
      3 squad[308,3]                                    1                       0
      4 squad[308,4]                                    1                       0
      7 squad[308,7]                                    1                       0
      8 squad[308,8]                                    1                       0
     15 squad[355,6]                                    1                       0
     21 squad[500,3]                                    1                       0
     22 squad[500,4]                                    1                       0
     23 squad[500,5]                                    1                       0
     25 squad[500,7]                                    1                       0
     26 squad[500,8]                                    1                       0
     37 squad[373,1]                                    1                       0
     38 squad[373,2]                                    1                       0
     39 squad[373,3]                                    1                       0
     40 squad[373,4]                                    1                       0
     41 squad[373,5]                                    1                       0
     42 squad[373,6]                                    1                       0
     43 squad[373,7]                                    1                       0
     44 squad[373,8]                                    1                       0
     55 squad[353,1]                                    1                       0
     56 squad[353,2]                                    1                       0
     57 squad[353,3]                                    1                       0
     58 squad[353,4]                                    1                       0
     59 squad[353,5]                                    1                       0
     60 squad[353,6]                                    1                       0
     61 squad[353,7]                                    1                       0
     62 squad[353,8]                                    1                       0
    100 squad[212,1]                                    1                       0
    101 squad[212,2]                                    1                       0
    102 squad[212,3]                                    1                       0
    103 squad[212,4]                                    1                       0
    104 squad[212,5]                                    1                       0
    105 squad[212,6]                                    1                       0
    106 squad[212,7]                                    1                       0
    107 squad[212,8]                                    1                       0
    113 squad[430,5]                                    1                       0
    114 squad[430,6]                                    1                       0
    115 squad[430,7]                                    1                       0
    116 squad[430,8]                                    1                       0
    118 squad[108,1]                                    1                       0
    119 squad[108,2]                                    1                       0
    120 squad[108,3]                                    1                       0
    121 squad[108,4]                                    1                       0
    122 squad[108,5]                                    1                       0
    123 squad[108,6]                                    1                       0
    124 squad[108,7]                                    1                       0
    125 squad[108,8]                                    1                       0
    127 squad[143,1]                                    1                       0
    128 squad[143,2]                                    1                       0
    129 squad[143,3]                                    1                       0
    130 squad[143,4]                                    1                       0
    131 squad[143,5]                                    1                       0
    132 squad[143,6]                                    1                       0
    133 squad[143,7]                                    1                       0
    134 squad[143,8]                                    1                       0
    228 squad[195,3]                                    1                       0
    229 squad[195,4]                                    1                       0
    230 squad[195,5]                                    1                       0
    236 squad[307,2]                                    1                       0
    271 squad[131,1]                                    1                       0
    272 squad[131,2]                                    1                       0
    273 squad[131,3]                                    1                       0
    274 squad[131,4]                                    1                       0
    275 squad[131,5]                                    1                       0
    276 squad[131,6]                                    1                       0
    289 squad[5,1]                                      1                       0
    290 squad[5,2]                                      1                       0
    291 squad[5,3]                                      1                       0
    292 squad[5,4]                                      1                       0
    334 squad[230,1]                                    1                       0
    335 squad[230,2]                                    1                       0
    336 squad[230,3]                                    1                       0
    337 squad[230,4]                                    1                       0
    379 squad[148,1]                                    1                       0
    380 squad[148,2]                                    1                       0
    381 squad[148,3]                                    1                       0
    382 squad[148,4]                                    1                       0
    383 squad[148,5]                                    1                       0
    384 squad[148,6]                                    1                       0
    385 squad[148,7]                                    1                       0
    386 squad[148,8]                                    1                       0
    397 squad[20,1]                                     1                       0
    398 squad[20,2]                                     1                       0
    399 squad[20,3]                                     1                       0
    406 squad[31,1]                                     1                       0
    433 squad[437,1]                                    1                       0
    434 squad[437,2]                                    1                       0
    559 squad[112,1]                                    1                       0
    560 squad[112,2]                                    1                       0
    561 squad[112,3]                                    1                       0
    562 squad[112,4]                                    1                       0
    563 squad[112,5]                                    1                       0
    564 squad[112,6]                                    1                       0
    565 squad[112,7]                                    1                       0
    566 squad[112,8]                                    1                       0
    599 squad[275,5]                                    1                       0
    600 squad[275,6]                                    1                       0
    601 squad[275,7]                                    1                       0
    602 squad[275,8]                                    1                       0
    634 squad[506,4]                                    1                       0
    635 squad[506,5]                                    1                       0
    636 squad[506,6]                                    1                       0
    637 squad[506,7]                                    1                       0
    638 squad[506,8]                                    1                       0
    709 squad[257,7]                                    1                       0
    710 squad[257,8]                                    1                       0
    870 squad[405,6]                                    1                       0
    871 squad[405,7]                                    1                       0
    872 squad[405,8]                                    1                       0
   2147 squad[549,5]                                    1                       0
   2148 squad[549,6]                                    1                       0
   2485 squad[538,1]                                    1                       0
   2486 squad[538,2]                                    1                       0
   2487 squad[538,3]                                    1                       0
   2488 squad[538,4]                                    1                       0
   2489 squad[538,5]                                    1                       0
   2490 squad[538,6]                                    1                       0
   2491 squad[538,7]                                    1                       0
   2492 squad[538,8]                                    1                       0
   6341 lineup[308,1]                                   1                  -6.446
   6342 lineup[308,2]                                   1                -6.20755
   6343 lineup[308,3]                                   1                -3.88994
   6344 lineup[308,4]                                   1               -4.003481
   6347 lineup[308,7]                                   1               -2.480512
   6348 lineup[308,8]                                   1               -1.786897
   6354 lineup[355,6]                                   1               -3.121467
   6359 lineup[500,3]                                   1               -4.345837
   6360 lineup[500,4]                                   1                -3.77564
   6361 lineup[500,5]                                   1               -3.711464
   6363 lineup[500,7]                                   1               -1.938926
   6364 lineup[500,8]                                   1               -2.262633
   6373 lineup[373,1]                                   1                  -6.053
   6374 lineup[373,2]                                   1                 -4.5662
   6375 lineup[373,3]                                   1                -4.48528
   6376 lineup[373,4]                                   1               -2.921393
   6377 lineup[373,5]                                   1                -2.65388
   6378 lineup[373,6]                                   1               -2.670219
   6379 lineup[373,7]                                   1               -2.130895
   6380 lineup[373,8]                                   1               -1.756121
   6389 lineup[353,1]                                   1                  -5.476
   6390 lineup[353,2]                                   1                 -3.9134
   6391 lineup[353,3]                                   1               -4.536577
   6392 lineup[353,4]                                   1               -3.335313
   6393 lineup[353,5]                                   1               -2.741055
   6394 lineup[353,6]                                   1                -2.50871
   6395 lineup[353,7]                                   1               -2.052825
   6396 lineup[353,8]                                   1               -1.448047
   6429 lineup[212,1]                                   1                  -4.371
   6430 lineup[212,2]                                   1                -4.18115
   6431 lineup[212,3]                                   1               -4.220122
   6432 lineup[212,4]                                   1               -3.143706
   6433 lineup[212,5]                                   1                -2.64605
   6434 lineup[212,6]                                   1               -2.073879
   6435 lineup[212,7]                                   1               -1.884239
   6436 lineup[212,8]                                   1               -1.624685
   6441 lineup[430,5]                                   1               -2.753583
   6442 lineup[430,6]                                   1               -2.581034
   6443 lineup[430,7]                                   1               -2.461655
   6444 lineup[430,8]                                   1               -1.638149
   6445 lineup[108,1]                                   1                  -5.134
   6446 lineup[108,2]                                   1                -4.16755
   6447 lineup[108,3]                                   1               -3.666687
   6448 lineup[108,4]                                   1               -3.315661
   6449 lineup[108,5]                                   1               -2.163194
   6450 lineup[108,6]                                   1               -2.327678
   6451 lineup[108,7]                                   1               -1.964195
   6452 lineup[108,8]                                   1               -1.426889
   6453 lineup[143,1]                                   1                  -5.533
   6454 lineup[143,2]                                   1                -4.47865
   6455 lineup[143,3]                                   1               -3.741105
   6456 lineup[143,4]                                   1               -2.674514
   6457 lineup[143,5]                                   1               -2.405927
   6458 lineup[143,6]                                   1               -2.404439
   6459 lineup[143,7]                                   1               -1.793346
   6460 lineup[143,8]                                   1               -1.415027
   6543 lineup[195,3]                                   1               -3.793848
   6544 lineup[195,4]                                   1               -3.097032
   6545 lineup[195,5]                                   1               -2.233143
   6550 lineup[307,2]                                   1                 -4.7685
   6581 lineup[131,1]                                   1                  -5.615
   6582 lineup[131,2]                                   1                -3.79015
   6583 lineup[131,3]                                   1               -3.272925
   6586 lineup[131,6]                                   1               -2.297062
   6597 lineup[5,1]                                     1                  -5.338
   6598 lineup[5,2]                                     1                 -3.1569
   6599 lineup[5,3]                                     1               -3.350955
   6640 lineup[230,4]                                   1               -2.828046
   6677 lineup[148,1]                                   1                  -5.165
   6678 lineup[148,2]                                   1                 -3.4901
   6679 lineup[148,3]                                   1               -3.048227
   6682 lineup[148,6]                                   1               -2.098726
   6693 lineup[20,1]                                    1                  -5.157
   6701 lineup[31,1]                                    1                    -5.1
   6726 lineup[437,2]                                   1                 -4.1123
   6840 lineup[112,4]                                   1               -2.745139
   6842 lineup[112,6]                                   1               -1.880423
   6873 lineup[275,5]                                   1               -2.365732
   6875 lineup[275,7]                                   1               -1.399602
   6876 lineup[275,8]                                   1               -1.436827
   6904 lineup[506,4]                                   1               -2.487206
   6905 lineup[506,5]                                   1               -2.503542
   6908 lineup[506,8]                                   1               -1.363414
   6971 lineup[257,7]                                   1               -1.704716
   6972 lineup[257,8]                                   1               -1.310199
   7115 lineup[405,7]                                   1               -1.818615
   8249 lineup[549,5]                                   1               -0.735507
   8250 lineup[549,6]                                   1               -0.747643
   9325 captain[308,1]                                  1                  -6.446
   9326 captain[308,2]                                  1                -6.20755
   9328 captain[308,4]                                  1               -4.003481
   9331 captain[308,7]                                  1               -2.480512
   9338 captain[355,6]                                  1               -3.121467
   9345 captain[500,5]                                  1               -3.711464
   9348 captain[500,8]                                  1               -2.262633
   9439 captain[143,3]                                  1               -3.741105
  12316 vicecap[308,8]                                  1                -0.17869
  12328 vicecap[500,4]                                  1               -0.377564
  12341 vicecap[373,1]                                  1                 -0.6053
  12346 vicecap[373,6]                                  1               -0.267022
  12359 vicecap[353,3]                                  1               -0.453658
  12411 vicecap[430,7]                                  1               -0.246165
  12518 vicecap[307,2]                                  1                -0.47685
  14217 vicecap[549,5]                                  1               -0.073551
  16267 bench[131,4,2]                                  1               -0.122592
  16270 bench[131,5,1]                                  1               -0.359668
  16330 bench[5,4,1]                                    1               -0.489556
  16477 bench[230,1,0]                                  1                -0.12978
  16481 bench[230,2,0]                                  1               -0.086751
  16485 bench[230,3,0]                                  1               -0.078442
  16649 bench[148,4,0]                                  1               -0.061167
  16653 bench[148,5,0]                                  1               -0.051522
  16661 bench[148,7,0]                                  1               -0.038503
  16665 bench[148,8,0]                                  1               -0.031987
  16707 bench[20,2,2]                                   1               -0.180489
  16710 bench[20,3,1]                                   1               -0.674721
  16831 bench[437,1,2]                                  1                -0.20346
  17278 bench[112,1,1]                                  1                -0.81438
  17282 bench[112,2,1]                                  1               -0.645813
  17287 bench[112,3,2]                                  1               -0.167071
  17295 bench[112,5,2]                                  1               -0.082185
  17302 bench[112,7,1]                                  1               -0.312608
  17307 bench[112,8,2]                                  1               -0.057627
  17425 bench[275,6,0]                                  1               -0.047334
  17555 bench[506,6,2]                                  1               -0.068366
  17559 bench[506,7,2]                                  1                -0.06576
  18386 bench[405,6,1]                                  1               -0.385757
  18394 bench[405,8,1]                                  1               -0.233268
  24128 bench[538,1,3]                                  1               -0.002763
  24132 bench[538,2,3]                                  1               -0.002282
  24136 bench[538,3,3]                                  1               -0.001821
  24140 bench[538,4,3]                                  1               -0.002008
  24144 bench[538,5,3]                                  1               -0.001336
  24148 bench[538,6,3]                                  1               -0.001129
  24152 bench[538,7,3]                                  1               -0.001228
  24156 bench[538,8,3]                                  1               -0.000815
  27229 transfer_in[308,1]                              1                3.031275
  27235 transfer_in[308,7]                              1                0.436075
  27242 transfer_in[355,6]                              1                0.798994
  27247 transfer_in[500,3]                              1                1.875025
  27251 transfer_in[500,7]                              1                0.436075
  27261 transfer_in[373,1]                              1                2.061267
  27277 transfer_in[353,1]                              1                1.818765
  27317 transfer_in[212,1]                              1                1.818765
  27329 transfer_in[430,5]                              1               0.5406115
  27333 transfer_in[108,1]                              1                1.576263
  27341 transfer_in[143,1]                              1                1.576263
  27431 transfer_in[195,3]                              1                0.825011
  27438 transfer_in[307,2]                              1                1.251263
  27469 transfer_in[131,1]                              1                 1.21251
  27485 transfer_in[5,1]                                1                 1.21251
  27525 transfer_in[230,1]                              1                1.091259
  27565 transfer_in[148,1]                              1                1.091259
  27581 transfer_in[20,1]                               1                 1.21251
  27589 transfer_in[31,1]                               1                 1.21251
  27613 transfer_in[437,1]                              1                1.576263
  27725 transfer_in[112,1]                              1                1.091259
  27761 transfer_in[275,5]                              1               0.3742695
  27792 transfer_in[506,4]                              1                0.569385
  27859 transfer_in[257,7]                              1                0.156987
  28002 transfer_in[405,6]                              1               0.2568195
  29137 transfer_in[549,5]                              1               0.3742695
  29437 transfer_in[538,1]                              1                1.091259
  30217 tr_out_reg[308,5]                               1              -1.0396375
  30227 tr_out_reg[355,7]                               1               -0.488404
  30234 tr_out_reg[500,6]                               1              -0.7133875
  30418 tr_out_reg[195,6]                               1              -0.3138905
  30423 tr_out_reg[307,3]                               1               -0.975013
  30459 tr_out_reg[131,7]                               1                -0.17443
  30473 tr_out_reg[5,5]                                 1               -0.415855
  30513 tr_out_reg[230,5]                               1              -0.3742695
  30568 tr_out_reg[20,4]                                1               -0.569385
  30574 tr_out_reg[31,2]                                1                -0.96251
  30599 tr_out_reg[437,3]                               1               -0.975013
  32123 tr_out_reg[549,7]                               1               -0.156987
  33197 itb[0]                                        100                       0
  33198 itb[1]                                        6.5                       0
  33199 itb[2]                                          5           2.7755576e-17
  33202 itb[5]                                        6.5                       0
  33203 itb[6]                                          6                       0
  33207 ft[1]                                           1                    -1.5
  33208 ft[2]                                           1                  -1.275
  33209 ft[3]                                           1                -1.08375
  33210 ft[4]                                           1               -0.921187
  33211 ft[5]                                           1               -0.783009
  33212 ft[6]                                           1               -0.665558
  33213 ft[7]                                           1               -0.565724
  33214 ft[8]                                           1               -0.480866
  33217 pt[3]                                           1                    2.89
  33219 pt[5]                                           2                2.088025
  33220 pt[6]                                           1                1.774821
  33221 pt[7]                                           2                1.508598
