Optimal (within gap tolerance) - objective value -322.73795730
      0 squad[80,26]                                     1                       0
      1 squad[80,27]                                     1                       0
      2 squad[80,28]                                     1                       0
      3 squad[80,29]                                     1                       0
      4 squad[80,30]                                     1                       0
      5 squad[80,31]                                     1                       0
      6 squad[80,32]                                     1                       0
      7 squad[357,26]                                    1                       0
      8 squad[357,27]                                    1                       0
      9 squad[357,28]                                    1                       0
     10 squad[357,29]                                    1                       0
     11 squad[357,30]                                    1                       0
     12 squad[357,31]                                    1                       0
     13 squad[357,32]                                    1                       0
     19 squad[283,31]                                    1                       0
     20 squad[283,32]                                    1                       0
     22 squad[81,27]                                     1                       0
     23 squad[81,28]                                     1                       0
     24 squad[81,29]                                     1                       0
     25 squad[81,30]                                     1                       0
     26 squad[81,31]                                     1                       0
     27 squad[81,32]                                     1                       0
     35 squad[13,26]                                     1                       0
     36 squad[13,27]                                     1                       0
     37 squad[13,28]                                     1                       0
     41 squad[13,32]                                     1                       0
     49 squad[116,26]                                    1                       0
     50 squad[116,27]                                    1                       0
     51 squad[116,28]                                    1                       0
     52 squad[116,29]                                    1                       0
     53 squad[116,30]                                    1                       0
     54 squad[116,31]                                    1                       0
     55 squad[116,32]                                    1                       0
     56 squad[333,26]                                    1                       0
     57 squad[333,27]                                    1                       0
     58 squad[333,28]                                    1                       0
     59 squad[333,29]                                    1                       0
     60 squad[333,30]                                    1                       0
     61 squad[333,31]                                    1                       0
     63 squad[124,26]                                    1                       0
     64 squad[124,27]                                    1                       0
     65 squad[124,28]                                    1                       0
     66 squad[124,29]                                    1                       0
     67 squad[124,30]                                    1                       0
     68 squad[124,31]                                    1                       0
     69 squad[124,32]                                    1                       0
     79 squad[40,28]                                     1                       0
     80 squad[40,29]                                     1                       0
     81 squad[40,30]                                     1                       0
     82 squad[40,31]                                     1                       0
     83 squad[40,32]                                     1                       0
     91 squad[133,26]                                    1                       0
     92 squad[133,27]                                    1                       0
     93 squad[133,28]                                    1                       0
     94 squad[133,29]                                    1                       0
     95 squad[133,30]                                    1                       0
     96 squad[133,31]                                    1                       0
     97 squad[133,32]                                    1                       0
    101 squad[107,29]                                    1                       0
    102 squad[107,30]                                    1                       0
    103 squad[107,31]                                    1                       0
    104 squad[107,32]                                    1                       0
    119 squad[358,26]                                    1                       0
    120 squad[358,27]                                    1                       0
    121 squad[358,28]                                    1                       0
    122 squad[358,29]                                    1                       0
    123 squad[358,30]                                    1                       0
    124 squad[358,31]                                    1                       0
    125 squad[358,32]                                    1                       0
    147 squad[85,26]                                     1                       0
    148 squad[85,27]                                     1                       0
    149 squad[85,28]                                     1                       0
    150 squad[85,29]                                     1                       0
    151 squad[85,30]                                     1                       0
    152 squad[85,31]                                     1                       0
    153 squad[85,32]                                     1                       0
    154 squad[335,26]                                    1                       0
    155 squad[335,27]                                    1                       0
    156 squad[335,28]                                    1                       0
    157 squad[335,29]                                    1                       0
    158 squad[335,30]                                    1                       0
    181 squad[285,32]                                    1                       0
    203 squad[16,26]                                     1                       0
    204 squad[16,27]                                     1                       0
    205 squad[16,28]                                     1                       0
    206 squad[16,29]                                     1                       0
    207 squad[16,30]                                     1                       0
    208 squad[16,31]                                     1                       0
    209 squad[16,32]                                     1                       0
    231 squad[586,26]                                    1                       0
    232 squad[586,27]                                    1                       0
    247 squad[66,28]                                     1                       0
    248 squad[66,29]                                     1                       0
    249 squad[66,30]                                     1                       0
    250 squad[66,31]                                     1                       0
    251 squad[66,32]                                     1                       0
    280 squad[318,26]                                    1                       0
    281 squad[318,27]                                    1                       0
    347 squad[332,30]                                    1                       0
    348 squad[332,31]                                    1                       0
    443 squad[272,28]                                    1                       0
    444 squad[272,29]                                    1                       0
    847 squad[307,26]                                    1                       0
   1806 squad[11,26]                                     1                       0
   1807 squad[11,27]                                     1                       0
   5785 lineup[80,27]                                    1                  -9.806
   5786 lineup[80,28]                                    1                -4.20924
   5787 lineup[80,29]                                    1               -5.822611
   5788 lineup[80,30]                                    1               -2.610268
   5789 lineup[80,31]                                    1               -2.389783
   5790 lineup[80,32]                                    1               -2.069731
   5791 lineup[357,27]                                   1                  -5.889
   5792 lineup[357,28]                                   1                -4.39908
   5793 lineup[357,29]                                   1               -6.198696
   5794 lineup[357,30]                                   1               -2.772077
   5795 lineup[357,31]                                   1               -2.920016
   5796 lineup[357,32]                                   1               -1.853515
   5801 lineup[283,31]                                   1               -3.048964
   5802 lineup[283,32]                                   1               -2.707086
   5803 lineup[81,27]                                    1                  -8.381
   5805 lineup[81,29]                                    1               -4.606862
   5807 lineup[81,31]                                    1               -2.148813
   5808 lineup[81,32]                                    1               -1.773637
   5815 lineup[13,27]                                    1                  -5.068
   5816 lineup[13,28]                                    1                 -4.5024
   5820 lineup[13,32]                                    1               -2.227815
   5827 lineup[116,27]                                   1                  -9.768
   5829 lineup[116,29]                                   1               -6.601594
   5830 lineup[116,30]                                   1               -2.817122
   5831 lineup[116,31]                                   1               -2.764182
   5833 lineup[333,27]                                   1                    -6.1
   5835 lineup[333,29]                                   1               -7.228872
   5836 lineup[333,30]                                   1               -3.515327
   5837 lineup[333,31]                                   1               -2.837867
   5839 lineup[124,27]                                   1                  -9.775
   5841 lineup[124,29]                                   1               -6.195168
   5842 lineup[124,30]                                   1               -2.868687
   5843 lineup[124,31]                                   1               -2.797041
   5852 lineup[40,28]                                    1                 -3.7086
   5853 lineup[40,29]                                    1               -5.584824
   5854 lineup[40,30]                                    1               -2.617381
   5855 lineup[40,31]                                    1               -1.953149
   5856 lineup[40,32]                                    1               -1.666575
   5864 lineup[133,28]                                   1                  -4.368
   5865 lineup[133,29]                                   1               -5.966554
   5866 lineup[133,30]                                   1               -2.795192
   5871 lineup[107,29]                                   1               -6.033586
   5872 lineup[107,30]                                   1               -2.684949
   5873 lineup[107,31]                                   1               -2.582459
   5888 lineup[358,28]                                   1                -3.47172
   5889 lineup[358,29]                                   1               -4.672483
   5890 lineup[358,30]                                   1               -1.999783
   5891 lineup[358,31]                                   1               -2.147319
   5892 lineup[358,32]                                   1               -1.355007
   5911 lineup[85,27]                                    1                  -7.111
   5912 lineup[85,28]                                    1                -3.01644
   5913 lineup[85,29]                                    1               -3.388291
   5916 lineup[85,32]                                    1               -1.393064
   5917 lineup[335,27]                                   1                  -5.344
   5918 lineup[335,28]                                   1                       0
   5919 lineup[335,29]                                   1               -6.443539
   5920 lineup[335,30]                                   1               -2.927365
   5940 lineup[285,32]                                   1               -2.338641
   5960 lineup[16,28]                                    1                -4.12524
   5961 lineup[16,29]                                    1               -3.108874
   5964 lineup[16,32]                                    1                -2.02791
   5983 lineup[586,27]                                   1                  -9.171
   5996 lineup[66,28]                                    1                -2.99208
   5997 lineup[66,29]                                    1               -4.715525
   6000 lineup[66,32]                                    1                -1.45956
   6025 lineup[318,27]                                   1                  -6.129
   6082 lineup[332,30]                                   1                -2.70273
   6083 lineup[332,31]                                   1               -2.163251
   6164 lineup[272,28]                                   1                -3.59436
   6165 lineup[272,29]                                   1               -4.729637
   8455 captain[80,27]                                   1                  -9.806
   8471 captain[283,31]                                  1               -3.048964
   8472 captain[283,32]                                  1               -2.707086
   8486 captain[13,28]                                   1                 -4.5024
   8505 captain[333,29]                                  1               -7.228872
   8506 captain[333,30]                                  1               -3.515327
  11132 vicecap[357,28]                                  1               -0.439908
  11135 vicecap[357,31]                                  1               -0.292002
  11169 vicecap[116,29]                                  1               -0.660159
  11179 vicecap[124,27]                                  1                 -0.9775
  11260 vicecap[335,30]                                  1               -0.292737
  11280 vicecap[285,32]                                  1               -0.233864
  13871 bench[81,28,0]                                   1               -0.106646
  13879 bench[81,30,0]                                   1               -0.070075
  13970 bench[116,28,3]                                  1                       0
  13985 bench[116,32,2]                                  1               -0.000928
  13992 bench[333,28,1]                                  1                       0
  14017 bench[124,28,2]                                  1                       0
  14032 bench[124,32,1]                                  1               -0.003425
  14107 bench[133,27,0]                                  1                -0.12813
  14123 bench[133,31,0]                                  1               -0.058445
  14127 bench[133,32,0]                                  1               -0.010313
  14154 bench[107,32,3]                                  1                -4.1e-05
  14204 bench[358,27,1]                                  1                -0.98574
  14313 bench[85,30,2]                                   1               -0.109318
  14317 bench[85,31,2]                                   1               -0.101566
  14493 bench[16,27,2]                                   1                  -0.249
  14506 bench[16,30,3]                                   1               -0.004586
  14508 bench[16,31,1]                                   1               -0.397301
  14648 bench[66,30,1]                                   1               -0.435513
  14654 bench[66,31,3]                                   1               -0.004914
  19990 bench[11,27,3]                                   1               -0.005592
  24491 transfer_in[283,31]                              1               2.3451648
  24493 transfer_in[81,27]                               1               3.8922096
  24510 transfer_in[13,32]                               1                0.710957
  24542 transfer_in[40,28]                               1               4.4594021
  24561 transfer_in[107,29]                              1               2.2586727
  24630 transfer_in[285,32]                              1               0.6105866
  24686 transfer_in[66,28]                               1               3.3598235
  24772 transfer_in[332,30]                              1               1.5691364
  24854 transfer_in[272,28]                              1               2.6267711
  27146 tr_out_first[586,28]                             1              -2.8711219
  27159 tr_out_first[13,29]                              1              -3.6315914
  27173 tr_out_first[335,31]                             1               -1.282512
  27240 tr_out_reg[333,32]                               1              -0.8196916
  27428 tr_out_reg[318,28]                               1              -7.4526994
  27486 tr_out_reg[332,32]                               1              -0.4349384
  27568 tr_out_reg[272,30]                               1              -1.2975551
  27913 tr_out_reg[307,27]                               1              -4.3787358
  28736 tr_out_reg[11,28]                                1              -4.0928759
  29857 itb[26]                                        3.8                       0
  29858 itb[27]                                        4.4                       0
  29859 itb[28]                                       10.9          -5.5511151e-17
  29860 itb[29]                                         14          -5.5511151e-17
  29861 itb[30]                                       13.1                       0
  29862 itb[31]                                        7.3                       0
  29863 itb[32]                                        6.5                       0
  29865 ft[27]                                           1                    -1.5
  29866 ft[28]                                           1                   -1.26
  29867 ft[29]                                           1                 -1.0584
  29868 ft[30]                                           1               -0.889056
  29869 ft[31]                                           1               -0.746807
  29870 ft[32]                                           1               -0.627318
  29872 pt[28]                                           2                    3.36
  29876 pt[32]                                           1                1.672848
  29891 use_bb[29]                                       1                       0
