Optimal (within gap tolerance) - objective value -274.10328695
      0 squad[318,21]                                    1                       0
      1 squad[318,22]                                    1                       0
      2 squad[318,23]                                    1                       0
      3 squad[318,24]                                    1                       0
      4 squad[318,25]                                    1                       0
      5 squad[318,26]                                    1                       0
      6 squad[13,21]                                     1                       0
      7 squad[13,22]                                     1                       0
      8 squad[13,23]                                     1                       0
      9 squad[13,24]                                     1                       0
     10 squad[13,25]                                     1                       0
     11 squad[13,26]                                     1                       0
     18 squad[335,21]                                    1                       0
     19 squad[335,22]                                    1                       0
     20 squad[335,23]                                    1                       0
     21 squad[335,24]                                    1                       0
     22 squad[335,25]                                    1                       0
     23 squad[335,26]                                    1                       0
     32 squad[7,23]                                      1                       0
     33 squad[7,24]                                      1                       0
     34 squad[7,25]                                      1                       0
     35 squad[7,26]                                      1                       0
     36 squad[301,21]                                    1                       0
     37 squad[301,22]                                    1                       0
     38 squad[301,23]                                    1                       0
     39 squad[301,24]                                    1                       0
     40 squad[301,25]                                    1                       0
     41 squad[301,26]                                    1                       0
     48 squad[332,21]                                    1                       0
     49 squad[332,22]                                    1                       0
     50 squad[332,23]                                    1                       0
     51 squad[332,24]                                    1                       0
     52 squad[332,25]                                    1                       0
     53 squad[332,26]                                    1                       0
     66 squad[307,21]                                    1                       0
     67 squad[307,22]                                    1                       0
     68 squad[307,23]                                    1                       0
     69 squad[307,24]                                    1                       0
     70 squad[307,25]                                    1                       0
     71 squad[307,26]                                    1                       0
     72 squad[16,21]                                     1                       0
     73 squad[16,22]                                     1                       0
     74 squad[16,23]                                     1                       0
     75 squad[16,24]                                     1                       0
     76 squad[16,25]                                     1                       0
     77 squad[16,26]                                     1                       0
     78 squad[133,21]                                    1                       0
     79 squad[133,22]                                    1                       0
     80 squad[133,23]                                    1                       0
     81 squad[133,24]                                    1                       0
     82 squad[133,25]                                    1                       0
     83 squad[133,26]                                    1                       0
    120 squad[357,21]                                    1                       0
    121 squad[357,22]                                    1                       0
    122 squad[357,23]                                    1                       0
    123 squad[357,24]                                    1                       0
    124 squad[357,25]                                    1                       0
    125 squad[357,26]                                    1                       0
    140 squad[284,23]                                    1                       0
    141 squad[284,24]                                    1                       0
    142 squad[284,25]                                    1                       0
    143 squad[284,26]                                    1                       0
    270 squad[210,21]                                    1                       0
    271 squad[210,22]                                    1                       0
    272 squad[210,23]                                    1                       0
    273 squad[210,24]                                    1                       0
    274 squad[210,25]                                    1                       0
    275 squad[210,26]                                    1                       0
    330 squad[358,21]                                    1                       0
    331 squad[358,22]                                    1                       0
    332 squad[358,23]                                    1                       0
    333 squad[358,24]                                    1                       0
    334 squad[358,25]                                    1                       0
    335 squad[358,26]                                    1                       0
    343 squad[225,22]                                    1                       0
    349 squad[619,22]                                    1                       0
    350 squad[619,23]                                    1                       0
    378 squad[160,21]                                    1                       0
    528 squad[346,21]                                    1                       0
    529 squad[346,22]                                    1                       0
    530 squad[346,23]                                    1                       0
    531 squad[346,24]                                    1                       0
    532 squad[346,25]                                    1                       0
    533 squad[346,26]                                    1                       0
    543 squad[596,24]                                    1                       0
    544 squad[596,25]                                    1                       0
    545 squad[596,26]                                    1                       0
    888 squad[345,21]                                    1                       0
   2022 squad[112,21]                                    1                       0
   2023 squad[112,22]                                    1                       0
   5588 lineup[318,22]                                   1               -6.456681
   5589 lineup[318,23]                                   1               -11.09475
   5590 lineup[318,24]                                   1               -5.763438
   5591 lineup[318,25]                                   1               -4.440991
   5592 lineup[318,26]                                   1               -2.721981
   5593 lineup[13,22]                                    1               -5.272966
   5594 lineup[13,23]                                    1               -6.818075
   5595 lineup[13,24]                                    1               -3.695146
   5596 lineup[13,25]                                    1               -2.871832
   5597 lineup[13,26]                                    1               -2.096924
   5603 lineup[335,22]                                   1               -11.28639
   5604 lineup[335,23]                                   1               -3.928364
   5605 lineup[335,24]                                   1               -3.279708
   5606 lineup[335,25]                                   1               -2.313707
   5607 lineup[335,26]                                   1                -2.24675
   5614 lineup[7,23]                                     1               -7.159913
   5615 lineup[7,24]                                     1               -3.383293
   5616 lineup[7,25]                                     1               -2.605599
   5617 lineup[7,26]                                     1               -1.154006
   5618 lineup[301,22]                                   1               -5.555546
   5619 lineup[301,23]                                   1               -7.623844
   5620 lineup[301,24]                                   1               -3.606352
   5621 lineup[301,25]                                   1                -2.47144
   5622 lineup[301,26]                                   1               -1.768477
   5628 lineup[332,22]                                   1               -9.748074
   5630 lineup[332,24]                                   1               -3.008084
   5644 lineup[307,23]                                   1               -6.338462
   5646 lineup[307,25]                                   1               -2.467574
   5648 lineup[16,22]                                    1               -4.344991
   5649 lineup[16,23]                                    1               -6.288377
   5650 lineup[16,24]                                    1               -2.449543
   5651 lineup[16,25]                                    1               -2.030886
   5652 lineup[16,26]                                    1               -1.973157
   5653 lineup[133,22]                                   1               -4.934805
   5655 lineup[133,24]                                   1               -3.639955
   5657 lineup[133,26]                                   1               -2.401593
   5688 lineup[357,22]                                   1               -5.398955
   5689 lineup[357,23]                                   1                -3.75974
   5690 lineup[357,24]                                   1               -2.682691
   5691 lineup[357,25]                                   1               -2.162583
   5692 lineup[357,26]                                   1               -1.477044
   5704 lineup[284,23]                                   1               -5.409032
   5706 lineup[284,25]                                   1               -2.364159
   5707 lineup[284,26]                                   1               -1.633968
   5814 lineup[210,23]                                   1               -3.748096
   5815 lineup[210,24]                                   1               -2.688421
   5816 lineup[210,25]                                   1               -2.449774
   5817 lineup[210,26]                                   1               -1.765583
   5863 lineup[358,22]                                   1               -4.510309
   5864 lineup[358,23]                                   1               -3.843886
   5866 lineup[358,25]                                   1               -2.278626
   5873 lineup[225,22]                                   1               -8.229101
   5878 lineup[619,22]                                   1               -7.766623
   6040 lineup[596,24]                                   1                -4.39349
   6042 lineup[596,26]                                   1               -1.945863
   8129 captain[318,23]                                  1               -11.09475
   8130 captain[318,24]                                  1               -5.763438
   8131 captain[318,25]                                  1               -4.440991
   8132 captain[318,26]                                  1               -2.721981
   8143 captain[335,22]                                  1               -11.28639
  10676 vicecap[13,25]                                   1              -0.2871832
  10699 vicecap[301,23]                                  1              -0.7623844
  10708 vicecap[332,22]                                  1              -0.9748074
  10737 vicecap[133,26]                                  1              -0.2401593
  11120 vicecap[596,24]                                  1               -0.439349
  13373 bench[332,23,1]                                  1              -0.6506923
  13381 bench[332,25,1]                                  1              -0.3484858
  13385 bench[332,26,1]                                  1              -0.2405505
  13428 bench[307,22,0]                                  1              -0.1038904
  13436 bench[307,24,0]                                  1             -0.08602923
  13444 bench[307,26,0]                                  1             -0.05430888
  13472 bench[133,23,0]                                  1              -0.1007986
  13480 bench[133,25,0]                                  1             -0.06276101
  13678 bench[284,24,2]                                  1              -0.1116653
  14110 bench[210,22,2]                                  1             -0.09429653
  14317 bench[358,24,1]                                  1              -0.4557081
  14326 bench[358,26,2]                                  1             -0.06755993
  14375 bench[619,23,3]                                  1             -0.00610482
  14969 bench[346,22,1]                                  1              -0.6931934
  14974 bench[346,23,2]                                  1              -0.1622724
  14979 bench[346,24,3]                                  1            -0.005481536
  14982 bench[346,25,2]                                  1              -0.0944227
  14987 bench[346,26,3]                                  1            -0.002500672
  15023 bench[596,25,3]                                  1            -0.002009562
  19951 bench[112,22,3]                                  1            -0.003744424
  23394 transfer_in[7,23]                                1               3.4443279
  23484 transfer_in[284,23]                              1               3.3944101
  23653 transfer_in[225,22]                              1               4.4747389
  23658 transfer_in[619,22]                              1               3.4958898
  23820 transfer_in[596,24]                              1               1.5418186
  26229 tr_out_reg[225,23]                               1              -3.1947389
  26235 tr_out_reg[619,24]                               1              -1.6758898
  26258 tr_out_reg[160,22]                               1               -5.103999
  26683 tr_out_reg[345,22]                               1              -4.5446567
  27629 tr_out_reg[112,23]                               1              -2.5458075
  28483 itb[21]                                        0.2                       0
  28484 itb[22]                                        2.6           5.5511151e-17
  28485 itb[23]                                        0.4                       0
  28486 itb[24]                                        0.8           2.7755576e-17
  28487 itb[25]                                        0.8           1.3877788e-17
  28488 itb[26]                                        0.8                       0
  28490 ft[22]                                           2                    -1.5
  28491 ft[23]                                           1                   -1.23
  28492 ft[24]                                           1                 -1.0086
  28493 ft[25]                                           1               -0.827052
  28494 ft[26]                                           2              -0.6781826
  28496 pt[23]                                           1                    3.28
  28504 aux[26]                                          1                       0
