Optimal (within gap tolerance) - objective value -128.17201000
      0 squad[333,34]                                    1                       0
      1 squad[333,35]                                    1                       0
      2 squad[333,36]                                    1                       0
      6 squad[124,34]                                    1                       0
      7 squad[124,35]                                    1                       0
      8 squad[124,36]                                    1                       0
      9 squad[335,34]                                    1                       0
     10 squad[335,35]                                    1                       0
     11 squad[335,36]                                    1                       0
     12 squad[116,34]                                    1                       0
     13 squad[116,35]                                    1                       0
     14 squad[116,36]                                    1                       0
     17 squad[283,36]                                    1                       0
     18 squad[102,34]                                    1                       0
     19 squad[102,35]                                    1                       0
     20 squad[102,36]                                    1                       0
     30 squad[357,34]                                    1                       0
     31 squad[357,35]                                    1                       0
     32 squad[357,36]                                    1                       0
     33 squad[332,34]                                    1                       0
     34 squad[332,35]                                    1                       0
     35 squad[332,36]                                    1                       0
     36 squad[427,34]                                    1                       0
     37 squad[427,35]                                    1                       0
     38 squad[427,36]                                    1                       0
     60 squad[175,34]                                    1                       0
     61 squad[175,35]                                    1                       0
     62 squad[175,36]                                    1                       0
     66 squad[285,34]                                    1                       0
     67 squad[285,35]                                    1                       0
     77 squad[139,36]                                    1                       0
     96 squad[594,34]                                    1                       0
     97 squad[594,35]                                    1                       0
     98 squad[594,36]                                    1                       0
    105 squad[377,34]                                    1                       0
    106 squad[377,35]                                    1                       0
    107 squad[377,36]                                    1                       0
    135 squad[312,34]                                    1                       0
    136 squad[312,35]                                    1                       0
    137 squad[312,36]                                    1                       0
    138 squad[66,34]                                     1                       0
    139 squad[66,35]                                     1                       0
    140 squad[66,36]                                     1                       0
    174 squad[303,34]                                    1                       0
    175 squad[303,35]                                    1                       0
   2000 lineup[333,35]                                   1                  -5.206
   2001 lineup[333,36]                                   1                  -4.862
   2004 lineup[124,35]                                   1                  -5.156
   2005 lineup[124,36]                                   1                -6.86375
   2006 lineup[335,35]                                   1                  -5.066
   2007 lineup[335,36]                                   1                 -4.5611
   2008 lineup[116,35]                                   1                  -4.967
   2009 lineup[116,36]                                   1                -6.47955
   2011 lineup[283,36]                                   1                 -5.2768
   2012 lineup[102,35]                                   1                  -4.534
   2013 lineup[102,36]                                   1                -5.39325
   2020 lineup[357,35]                                   1                  -3.561
   2021 lineup[357,36]                                   1                 -7.0754
   2022 lineup[332,35]                                   1                  -3.663
   2024 lineup[427,35]                                   1                  -5.205
   2025 lineup[427,36]                                   1                 -4.1667
   2044 lineup[285,35]                                   1                  -4.478
   2051 lineup[139,36]                                   1                -4.14715
   2064 lineup[594,35]                                   1                  -3.643
   2065 lineup[594,36]                                   1                  -5.185
   2071 lineup[377,36]                                   1                 -5.3788
   2092 lineup[66,35]                                    1                   -3.67
   2800 captain[333,35]                                  1                  -5.206
   2821 captain[357,36]                                  1                 -7.0754
   3605 vicecap[124,36]                                  1               -0.686375
   3624 vicecap[427,35]                                  1                 -0.5205
   4493 bench[332,36,1]                                  1               -0.835558
   4560 bench[175,35,0]                                  1                -0.11481
   4564 bench[175,36,0]                                  1               -0.120079
   4682 bench[377,35,2]                                  1                -0.15816
   4763 bench[312,35,3]                                  1               -0.007047
   4767 bench[312,36,3]                                  1               -0.007446
   4774 bench[66,36,2]                                   1               -0.192525
   4865 bench[303,35,1]                                  1                -0.65961
   7611 transfer_in[283,36]                              1                       0
   7651 transfer_in[139,36]                              1                       0
   8403 tr_out_first[285,36]                             1                       0
   8409 tr_out_first[303,36]                             1                       0
   9218 itb[34]                                        4.6                       0
   9219 itb[35]                                        4.6                       0
   9220 itb[36]                                        0.8                       0
   9222 ft[35]                                           1                    -1.5
   9223 ft[36]                                           2                  -1.275
   9227 aux[36]                                          1                       0
