Optimal (within gap tolerance) - objective value -278.30411440
      0 squad[318,21]                                    1                       0
      1 squad[318,22]                                    1                       0
      2 squad[318,23]                                    1                       0
      3 squad[318,24]                                    1                       0
      4 squad[318,25]                                    1                       0
      5 squad[318,26]                                    1                       0
      6 squad[13,21]                                     1                       0
     18 squad[335,21]                                    1                       0
     19 squad[335,22]                                    1                       0
     20 squad[335,23]                                    1                       0
     21 squad[335,24]                                    1                       0
     22 squad[335,25]                                    1                       0
     23 squad[335,26]                                    1                       0
     25 squad[333,22]                                    1                       0
     26 squad[333,23]                                    1                       0
     27 squad[333,24]                                    1                       0
     28 squad[333,25]                                    1                       0
     29 squad[333,26]                                    1                       0
     31 squad[7,22]                                      1                       0
     32 squad[7,23]                                      1                       0
     33 squad[7,24]                                      1                       0
     34 squad[7,25]                                      1                       0
     35 squad[7,26]                                      1                       0
     36 squad[301,21]                                    1                       0
     38 squad[301,23]                                    1                       0
     45 squad[427,24]                                    1                       0
     46 squad[427,25]                                    1                       0
     47 squad[427,26]                                    1                       0
     48 squad[332,21]                                    1                       0
     49 squad[332,22]                                    1                       0
     50 squad[332,23]                                    1                       0
     51 squad[332,24]                                    1                       0
     52 squad[332,25]                                    1                       0
     53 squad[332,26]                                    1                       0
     61 squad[26,22]                                     1                       0
     62 squad[26,23]                                     1                       0
     63 squad[26,24]                                     1                       0
     64 squad[26,25]                                     1                       0
     65 squad[26,26]                                     1                       0
     66 squad[307,21]                                    1                       0
     67 squad[307,22]                                    1                       0
     68 squad[307,23]                                    1                       0
     69 squad[307,24]                                    1                       0
     70 squad[307,25]                                    1                       0
     71 squad[307,26]                                    1                       0
     72 squad[16,21]                                     1                       0
     78 squad[133,21]                                    1                       0
     79 squad[133,22]                                    1                       0
     80 squad[133,23]                                    1                       0
     81 squad[133,24]                                    1                       0
     82 squad[133,25]                                    1                       0
     83 squad[133,26]                                    1                       0
     85 squad[313,22]                                    1                       0
     86 squad[313,23]                                    1                       0
     87 squad[313,24]                                    1                       0
     88 squad[313,25]                                    1                       0
     89 squad[313,26]                                    1                       0
     97 squad[285,22]                                    1                       0
     98 squad[285,23]                                    1                       0
     99 squad[285,24]                                    1                       0
    100 squad[285,25]                                    1                       0
    101 squad[285,26]                                    1                       0
    120 squad[357,21]                                    1                       0
    121 squad[357,22]                                    1                       0
    122 squad[357,23]                                    1                       0
    123 squad[357,24]                                    1                       0
    124 squad[357,25]                                    1                       0
    125 squad[357,26]                                    1                       0
    147 squad[124,24]                                    1                       0
    148 squad[124,25]                                    1                       0
    149 squad[124,26]                                    1                       0
    270 squad[210,21]                                    1                       0
    330 squad[358,21]                                    1                       0
    343 squad[225,22]                                    1                       0
    349 squad[619,22]                                    1                       0
    350 squad[619,23]                                    1                       0
    378 squad[160,21]                                    1                       0
    528 squad[346,21]                                    1                       0
    541 squad[596,22]                                    1                       0
    542 squad[596,23]                                    1                       0
    543 squad[596,24]                                    1                       0
    544 squad[596,25]                                    1                       0
    545 squad[596,26]                                    1                       0
    888 squad[345,21]                                    1                       0
   1291 squad[240,22]                                    1                       0
   1292 squad[240,23]                                    1                       0
   1293 squad[240,24]                                    1                       0
   1294 squad[240,25]                                    1                       0
   1295 squad[240,26]                                    1                       0
   2022 squad[112,21]                                    1                       0
   5588 lineup[318,22]                                   1               -6.679794
   5589 lineup[318,23]                                   1              -10.811872
   5590 lineup[318,24]                                   1               -4.902683
   5591 lineup[318,25]                                   1               -4.368162
   5592 lineup[318,26]                                   1               -2.541483
   5603 lineup[335,22]                                   1              -11.595657
   5604 lineup[335,23]                                   1               -4.176605
   5605 lineup[335,24]                                   1               -3.121008
   5606 lineup[335,25]                                   1               -2.836292
   5607 lineup[335,26]                                   1                -2.26745
   5608 lineup[333,22]                                   1               -9.996017
   5609 lineup[333,23]                                   1               -3.616889
   5610 lineup[333,24]                                   1               -2.986551
   5611 lineup[333,25]                                   1               -2.513496
   5612 lineup[333,26]                                   1               -2.200736
   5613 lineup[7,22]                                     1               -5.007928
   5614 lineup[7,23]                                     1                  -7.342
   5615 lineup[7,24]                                     1               -2.907834
   5616 lineup[7,25]                                     1               -2.807648
   5617 lineup[7,26]                                     1               -2.145888
   5619 lineup[301,23]                                   1               -7.559626
   5625 lineup[427,24]                                   1               -3.399233
   5626 lineup[427,25]                                   1               -3.165483
   5627 lineup[427,26]                                   1               -2.232564
   5628 lineup[332,22]                                   1               -9.954538
   5630 lineup[332,24]                                   1               -3.299444
   5631 lineup[332,25]                                   1               -2.494136
   5639 lineup[26,23]                                    1                -5.31583
   5640 lineup[26,24]                                    1               -2.714971
   5641 lineup[26,25]                                    1               -2.469973
   5642 lineup[26,26]                                    1               -2.059836
   5644 lineup[307,23]                                   1                -5.94024
   5646 lineup[307,25]                                   1               -2.442181
   5653 lineup[133,22]                                   1               -4.778409
   5655 lineup[133,24]                                   1               -3.515818
   5657 lineup[133,26]                                   1               -2.118788
   5659 lineup[313,23]                                   1                 -6.2333
   5660 lineup[313,24]                                   1               -2.320657
   5662 lineup[313,26]                                   1               -1.788258
   5668 lineup[285,22]                                   1               -5.202347
   5669 lineup[285,23]                                   1               -5.167396
   5671 lineup[285,25]                                   1               -3.230763
   5672 lineup[285,26]                                   1               -1.827017
   5688 lineup[357,22]                                   1               -5.083176
   5689 lineup[357,23]                                   1               -4.198998
   5690 lineup[357,24]                                   1               -2.492363
   5691 lineup[357,25]                                   1               -2.348756
   5710 lineup[124,24]                                   1               -2.862324
   5711 lineup[124,25]                                   1               -2.323263
   5712 lineup[124,26]                                   1               -1.576125
   5873 lineup[225,22]                                   1               -8.548834
   5878 lineup[619,22]                                   1               -6.876521
   6039 lineup[596,23]                                   1               -3.013325
   6663 lineup[240,22]                                   1               -6.250397
   6667 lineup[240,26]                                   1               -1.646224
   8129 captain[318,23]                                  1              -10.811872
   8130 captain[318,24]                                  1               -4.902683
   8131 captain[318,25]                                  1               -4.368162
   8132 captain[318,26]                                  1               -2.541483
   8143 captain[335,22]                                  1              -11.595657
  10687 vicecap[335,26]                                  1               -0.226745
  10688 vicecap[333,22]                                  1               -0.999602
  10699 vicecap[301,23]                                  1               -0.755963
  10735 vicecap[133,24]                                  1               -0.351582
  10751 vicecap[285,25]                                  1               -0.323076
  13373 bench[332,23,1]                                  1               -0.591217
  13385 bench[332,26,1]                                  1               -0.312829
  13409 bench[26,22,1]                                   1               -1.014388
  13428 bench[307,22,0]                                  1                -0.10625
  13436 bench[307,24,0]                                  1               -0.092168
  13444 bench[307,26,0]                                  1                -0.05544
  13472 bench[133,23,0]                                  1               -0.107375
  13480 bench[133,25,0]                                  1                -0.06079
  13490 bench[313,22,2]                                  1               -0.258754
  13502 bench[313,25,2]                                  1               -0.110977
  13537 bench[285,24,1]                                  1                -0.47649
  13626 bench[357,26,2]                                  1               -0.066686
  14374 bench[619,23,2]                                  1               -0.121797
  15011 bench[596,22,3]                                  1               -0.011416
  15018 bench[596,24,2]                                  1               -0.096701
  15021 bench[596,25,1]                                  1               -0.398185
  15027 bench[596,26,3]                                  1               -0.003259
  17515 bench[240,23,3]                                  1               -0.002104
  17519 bench[240,24,3]                                  1                -0.00366
  17523 bench[240,25,3]                                  1               -0.002736
  23388 transfer_in[333,22]                              1               6.9218622
  23393 transfer_in[7,22]                                1               4.8243282
  23399 transfer_in[301,23]                              1                6.239725
  23405 transfer_in[427,24]                              1               3.9215826
  23418 transfer_in[26,22]                               1               3.7056434
  23438 transfer_in[313,22]                              1                 3.49589
  23448 transfer_in[285,22]                              1               5.1039994
  23490 transfer_in[124,24]                              1               1.7094078
  23653 transfer_in[225,22]                              1               4.4747392
  23658 transfer_in[619,22]                              1                 3.49589
  23818 transfer_in[596,22]                              1               3.2162188
  24443 transfer_in[240,22]                              1               2.9365476
  25918 tr_out_first[358,22]                             1               -3.146301
  25928 tr_out_first[13,22]                              1              -5.6633418
  25938 tr_out_first[210,22]                             1              -4.8243282
  25973 tr_out_reg[301,22]                               1               -8.739725
  25975 tr_out_reg[301,24]                               1               -4.189725
  26003 tr_out_reg[16,22]                                1              -3.6357256
  26229 tr_out_reg[225,23]                               1              -3.1947392
  26235 tr_out_reg[619,24]                               1                -1.67589
  26258 tr_out_reg[160,22]                               1              -5.1039994
  26383 tr_out_reg[346,22]                               1               -3.146301
  26683 tr_out_reg[345,22]                               1               -4.544657
  27628 tr_out_reg[112,22]                               1              -3.5658078
  28483 itb[21]                                        0.2                       0
  28484 itb[22]                                        6.2           5.5511151e-17
  28485 itb[23]                                        0.1                       0
  28486 itb[24]                                        0.8                       0
  28487 itb[25]                                        0.8                       0
  28488 itb[26]                                        0.8                       0
  28490 ft[22]                                           2                    -1.5
  28491 ft[23]                                           1                   -1.23
  28492 ft[24]                                           1                 -1.0086
  28493 ft[25]                                           1               -0.827052
  28494 ft[26]                                           2               -0.678183
  28497 pt[24]                                           1                  2.6896
  28504 aux[26]                                          1                       0
  28505 use_wc[22]                                       1                       0
