Optimal (within gap tolerance) - objective value -275.80491897
      0 squad[318,21]                                    1                       0
      1 squad[318,22]                                    1                       0
      2 squad[318,23]                                    1                       0
      3 squad[318,24]                                    1                       0
      4 squad[318,25]                                    1                       0
      5 squad[318,26]                                    1                       0
     12 squad[13,21]                                     1                       0
     13 squad[13,22]                                     1                       0
     14 squad[13,23]                                     1                       0
     15 squad[13,24]                                     1                       0
     16 squad[13,25]                                     1                       0
     17 squad[13,26]                                     1                       0
     27 squad[427,24]                                    1                       0
     28 squad[427,25]                                    1                       0
     29 squad[427,26]                                    1                       0
     30 squad[301,21]                                    1                       0
     43 squad[285,22]                                    1                       0
     44 squad[285,23]                                    1                       0
     45 squad[285,24]                                    1                       0
     46 squad[285,25]                                    1                       0
     47 squad[285,26]                                    1                       0
     49 squad[26,22]                                     1                       0
     50 squad[26,23]                                     1                       0
     51 squad[26,24]                                     1                       0
     52 squad[26,25]                                     1                       0
     53 squad[26,26]                                     1                       0
     54 squad[16,21]                                     1                       0
     60 squad[335,21]                                    1                       0
     61 squad[335,22]                                    1                       0
     62 squad[335,23]                                    1                       0
     63 squad[335,24]                                    1                       0
     64 squad[335,25]                                    1                       0
     65 squad[335,26]                                    1                       0
     67 squad[284,22]                                    1                       0
     68 squad[284,23]                                    1                       0
     69 squad[284,24]                                    1                       0
     70 squad[284,25]                                    1                       0
     71 squad[284,26]                                    1                       0
     78 squad[307,21]                                    1                       0
     79 squad[307,22]                                    1                       0
     80 squad[307,23]                                    1                       0
     81 squad[307,24]                                    1                       0
     82 squad[307,25]                                    1                       0
     83 squad[307,26]                                    1                       0
     86 squad[19,23]                                     1                       0
     87 squad[19,24]                                     1                       0
     88 squad[19,25]                                     1                       0
     89 squad[19,26]                                     1                       0
     90 squad[133,21]                                    1                       0
     97 squad[333,22]                                    1                       0
    126 squad[332,21]                                    1                       0
    127 squad[332,22]                                    1                       0
    128 squad[332,23]                                    1                       0
    129 squad[332,24]                                    1                       0
    130 squad[332,25]                                    1                       0
    131 squad[332,26]                                    1                       0
    139 squad[124,22]                                    1                       0
    140 squad[124,23]                                    1                       0
    141 squad[124,24]                                    1                       0
    142 squad[124,25]                                    1                       0
    143 squad[124,26]                                    1                       0
    145 squad[238,22]                                    1                       0
    146 squad[238,23]                                    1                       0
    147 squad[238,24]                                    1                       0
    148 squad[238,25]                                    1                       0
    149 squad[238,26]                                    1                       0
    150 squad[210,21]                                    1                       0
    234 squad[357,21]                                    1                       0
    301 squad[619,22]                                    1                       0
    302 squad[619,23]                                    1                       0
    303 squad[619,24]                                    1                       0
    304 squad[619,25]                                    1                       0
    305 squad[619,26]                                    1                       0
    355 squad[225,22]                                    1                       0
    356 squad[225,23]                                    1                       0
    415 squad[461,22]                                    1                       0
    416 squad[461,23]                                    1                       0
    417 squad[461,24]                                    1                       0
    418 squad[461,25]                                    1                       0
    419 squad[461,26]                                    1                       0
    450 squad[346,21]                                    1                       0
    504 squad[358,21]                                    1                       0
    825 squad[535,24]                                    1                       0
    826 squad[535,25]                                    1                       0
    827 squad[535,26]                                    1                       0
    895 squad[319,22]                                    1                       0
    896 squad[319,23]                                    1                       0
   1020 squad[345,21]                                    1                       0
   1914 squad[112,21]                                    1                       0
   2532 squad[160,21]                                    1                       0
   5533 lineup[318,22]                                   1               -5.921759
   5534 lineup[318,23]                                   1               -11.51952
   5535 lineup[318,24]                                   1                -3.72224
   5536 lineup[318,25]                                   1               -3.800155
   5537 lineup[318,26]                                   1               -1.751186
   5543 lineup[13,22]                                    1                -5.70019
   5544 lineup[13,23]                                    1               -8.216028
   5545 lineup[13,24]                                    1               -3.200821
   5546 lineup[13,25]                                    1               -2.879517
   5547 lineup[13,26]                                    1               -2.504775
   5555 lineup[427,24]                                   1               -3.712323
   5556 lineup[427,25]                                   1               -2.956784
   5557 lineup[427,26]                                   1               -2.654327
   5569 lineup[285,23]                                   1               -4.097682
   5571 lineup[285,25]                                   1               -2.678115
   5572 lineup[285,26]                                   1               -3.164615
   5573 lineup[26,22]                                    1               -5.002482
   5574 lineup[26,23]                                    1               -5.312927
   5575 lineup[26,24]                                    1               -2.764394
   5576 lineup[26,25]                                    1               -2.274152
   5577 lineup[26,26]                                    1               -2.151734
   5583 lineup[335,22]                                   1               -10.98084
   5584 lineup[335,23]                                   1                -4.34297
   5585 lineup[335,24]                                   1               -3.381861
   5587 lineup[335,26]                                   1               -2.009322
   5588 lineup[284,22]                                   1               -5.203048
   5589 lineup[284,23]                                   1               -4.225433
   5590 lineup[284,24]                                   1               -2.547452
   5591 lineup[284,25]                                   1               -3.107058
   5592 lineup[284,26]                                   1               -1.876324
   5599 lineup[307,23]                                   1               -6.045301
   5600 lineup[307,24]                                   1               -2.928613
   5601 lineup[307,25]                                   1               -2.572201
   5602 lineup[307,26]                                   1               -1.762911
   5604 lineup[19,23]                                    1               -7.911961
   5605 lineup[19,24]                                    1               -2.899921
   5606 lineup[19,25]                                    1               -2.301181
   5607 lineup[19,26]                                    1               -1.892768
   5613 lineup[333,22]                                   1               -10.54318
   5638 lineup[332,22]                                   1               -9.229254
   5639 lineup[332,23]                                   1               -3.689529
   5640 lineup[332,24]                                   1               -2.864066
   5642 lineup[332,26]                                   1               -1.395314
   5648 lineup[124,22]                                   1               -5.548342
   5649 lineup[124,23]                                   1                -3.76757
   5650 lineup[124,24]                                   1               -2.551441
   5652 lineup[124,26]                                   1                -2.52685
   5653 lineup[238,22]                                   1               -6.808447
   5783 lineup[619,22]                                   1               -7.648331
   5786 lineup[619,25]                                   1               -1.065466
   5828 lineup[225,22]                                   1               -7.644135
   5881 lineup[461,25]                                   1               -2.766951
   6220 lineup[535,24]                                   1                -3.01942
   6221 lineup[535,25]                                   1               -1.782958
   6279 lineup[319,23]                                   1               -5.187522
   8049 captain[318,23]                                  1               -11.51952
   8050 captain[318,24]                                  1                -3.72224
   8051 captain[318,25]                                  1               -3.800155
   8087 captain[285,26]                                  1               -3.164615
   8098 captain[335,22]                                  1               -10.98084
  10574 vicecap[13,23]                                   1              -0.8216028
  10585 vicecap[427,24]                                  1              -0.3712323
  10587 vicecap[427,26]                                  1              -0.2654327
  10621 vicecap[284,25]                                  1              -0.3107058
  10643 vicecap[333,22]                                  1               -1.054318
  13219 bench[285,22,1]                                  1              -0.9668189
  13228 bench[285,24,2]                                  1              -0.1163057
  13292 bench[335,25,2]                                  1                       0
  13338 bench[307,22,0]                                  1              -0.1022569
  13513 bench[332,25,3]                                  1                       0
  13551 bench[124,25,1]                                  1               -0.106364
  13562 bench[238,23,0]                                  1             -0.07778715
  13566 bench[238,24,0]                                  1             -0.07797833
  13570 bench[238,25,0]                                  1             -0.06187347
  13574 bench[238,26,0]                                  1             -0.04605125
  14084 bench[619,23,2]                                  1              -0.1319462
  14087 bench[619,24,1]                                  1              -0.4333247
  14097 bench[619,26,3]                                  1            -0.003360375
  14265 bench[225,23,3]                                  1            -0.004507077
  14461 bench[461,22,3]                                  1            -0.002457336
  14463 bench[461,23,1]                                  1               -0.529421
  14469 bench[461,24,3]                                  1            -0.005481449
  14476 bench[461,26,2]                                  1             -0.06845811
  15835 bench[535,26,1]                                  1              -0.2699678
  16060 bench[319,22,2]                                  1              -0.1091287
  23160 transfer_in[427,24]                              1                3.921582
  23173 transfer_in[285,22]                              1                5.103999
  23178 transfer_in[26,22]                               1               3.7056431
  23193 transfer_in[284,22]                              1               4.7544101
  23209 transfer_in[19,23]                               1               3.3444923
  23218 transfer_in[333,22]                              1               6.9218617
  23253 transfer_in[124,22]                              1               3.5658075
  23258 transfer_in[238,22]                              1               3.1463008
  23388 transfer_in[619,22]                              1               3.4958898
  23433 transfer_in[225,22]                              1               4.4747389
  23483 transfer_in[461,22]                              1                3.076383
  23825 transfer_in[535,24]                              1               1.5753364
  23883 transfer_in[319,22]                              1               4.1950677
  25653 tr_out_first[133,22]                             1              -3.1463008
  25658 tr_out_first[357,22]                             1              -4.1251499
  25663 tr_out_first[358,22]                             1              -3.1463008
  25683 tr_out_first[210,22]                             1              -4.8243279
  25688 tr_out_first[160,22]                             1               -5.103999
  25718 tr_out_reg[301,22]                               1              -8.7397244
  25738 tr_out_reg[16,22]                                1              -3.6357253
  25774 tr_out_reg[333,23]                               1              -4.9418617
  25990 tr_out_reg[225,24]                               1              -2.1451389
  26068 tr_out_reg[346,22]                               1              -3.1463008
  26440 tr_out_reg[319,24]                               1              -2.0110677
  26543 tr_out_reg[345,22]                               1              -4.5446567
  27288 tr_out_reg[112,22]                               1              -3.5658075
  28208 itb[21]                                        0.2                       0
  28209 itb[22]                                        2.4           5.5511151e-17
  28210 itb[23]                                        5.6                       0
  28211 itb[24]                                        1.6           2.7755576e-17
  28212 itb[25]                                        1.6           1.3877788e-17
  28213 itb[26]                                        1.6                       0
  28215 ft[22]                                           2                    -1.5
  28216 ft[23]                                           1                   -1.23
  28217 ft[24]                                           1                 -1.0086
  28218 ft[25]                                           1               -0.827052
  28219 ft[26]                                           2              -0.6781826
  28222 pt[24]                                           1                  2.6896
  28229 aux[26]                                          1                       0
  28230 use_wc[22]                                       1                       0
