Optimal (within gap tolerance) - objective value -323.77091200
      1 squad[308,1]                                    1                       0
      2 squad[308,2]                                    1                       0
      3 squad[308,3]                                    1                       0
      4 squad[308,4]                                    1                       0
      5 squad[308,5]                                    1                       0
      6 squad[308,6]                                    1                       0
      7 squad[308,7]                                    1                       0
      8 squad[308,8]                                    1                       0
     37 squad[373,1]                                    1                       0
     38 squad[373,2]                                    1                       0
     39 squad[373,3]                                    1                       0
     40 squad[373,4]                                    1                       0
     41 squad[373,5]                                    1                       0
     42 squad[373,6]                                    1                       0
     43 squad[373,7]                                    1                       0
     44 squad[373,8]                                    1                       0
     46 squad[19,1]                                     1                       0
     47 squad[19,2]                                     1                       0
     48 squad[19,3]                                     1                       0
     49 squad[19,4]                                     1                       0
     50 squad[19,5]                                     1                       0
     51 squad[19,6]                                     1                       0
     52 squad[19,7]                                     1                       0
     53 squad[19,8]                                     1                       0
    100 squad[212,1]                                    1                       0
    101 squad[212,2]                                    1                       0
    102 squad[212,3]                                    1                       0
    103 squad[212,4]                                    1                       0
    104 squad[212,5]                                    1                       0
    105 squad[212,6]                                    1                       0
    106 squad[212,7]                                    1                       0
    107 squad[212,8]                                    1                       0
    109 squad[430,1]                                    1                       0
    110 squad[430,2]                                    1                       0
    111 squad[430,3]                                    1                       0
    112 squad[430,4]                                    1                       0
    113 squad[430,5]                                    1                       0
    114 squad[430,6]                                    1                       0
    115 squad[430,7]                                    1                       0
    116 squad[430,8]                                    1                       0
    118 squad[108,1]                                    1                       0
    119 squad[108,2]                                    1                       0
    120 squad[108,3]                                    1                       0
    121 squad[108,4]                                    1                       0
    122 squad[108,5]                                    1                       0
    123 squad[108,6]                                    1                       0
    124 squad[108,7]                                    1                       0
    125 squad[108,8]                                    1                       0
    127 squad[143,1]                                    1                       0
    128 squad[143,2]                                    1                       0
    129 squad[143,3]                                    1                       0
    130 squad[143,4]                                    1                       0
    131 squad[143,5]                                    1                       0
    132 squad[143,6]                                    1                       0
    133 squad[143,7]                                    1                       0
    134 squad[143,8]                                    1                       0
    154 squad[8,1]                                      1                       0
    155 squad[8,2]                                      1                       0
    156 squad[8,3]                                      1                       0
    157 squad[8,4]                                      1                       0
    158 squad[8,5]                                      1                       0
    159 squad[8,6]                                      1                       0
    160 squad[8,7]                                      1                       0
    161 squad[8,8]                                      1                       0
    226 squad[195,1]                                    1                       0
    227 squad[195,2]                                    1                       0
    228 squad[195,3]                                    1                       0
    229 squad[195,4]                                    1                       0
    230 squad[195,5]                                    1                       0
    231 squad[195,6]                                    1                       0
    232 squad[195,7]                                    1                       0
    233 squad[195,8]                                    1                       0
    271 squad[131,1]                                    1                       0
    272 squad[131,2]                                    1                       0
    273 squad[131,3]                                    1                       0
    274 squad[131,4]                                    1                       0
    275 squad[131,5]                                    1                       0
    276 squad[131,6]                                    1                       0
    277 squad[131,7]                                    1                       0
    278 squad[131,8]                                    1                       0
    289 squad[5,1]                                      1                       0
    290 squad[5,2]                                      1                       0
    291 squad[5,3]                                      1                       0
    292 squad[5,4]                                      1                       0
    293 squad[5,5]                                      1                       0
    294 squad[5,6]                                      1                       0
    295 squad[5,7]                                      1                       0
    296 squad[5,8]                                      1                       0
    379 squad[148,1]                                    1                       0
    380 squad[148,2]                                    1                       0
    381 squad[148,3]                                    1                       0
    382 squad[148,4]                                    1                       0
    383 squad[148,5]                                    1                       0
    384 squad[148,6]                                    1                       0
    385 squad[148,7]                                    1                       0
    386 squad[148,8]                                    1                       0
    559 squad[112,1]                                    1                       0
    560 squad[112,2]                                    1                       0
    561 squad[112,3]                                    1                       0
    562 squad[112,4]                                    1                       0
    563 squad[112,5]                                    1                       0
    564 squad[112,6]                                    1                       0
    565 squad[112,7]                                    1                       0
    566 squad[112,8]                                    1                       0
    595 squad[275,1]                                    1                       0
    596 squad[275,2]                                    1                       0
    597 squad[275,3]                                    1                       0
    598 squad[275,4]                                    1                       0
    599 squad[275,5]                                    1                       0
    600 squad[275,6]                                    1                       0
    601 squad[275,7]                                    1                       0
    602 squad[275,8]                                    1                       0
   2485 squad[538,1]                                    1                       0
   2486 squad[538,2]                                    1                       0
   2487 squad[538,3]                                    1                       0
   2488 squad[538,4]                                    1                       0
   2489 squad[538,5]                                    1                       0
   2490 squad[538,6]                                    1                       0
   2491 squad[538,7]                                    1                       0
   2492 squad[538,8]                                    1                       0
   6341 lineup[308,1]                                   1                  -6.446
   6342 lineup[308,2]                                   1                -6.20755
   6343 lineup[308,3]                                   1                -3.88994
   6344 lineup[308,4]                                   1               -4.003481
   6345 lineup[308,5]                                   1               -3.706244
   6346 lineup[308,6]                                   1               -3.172493
   6347 lineup[308,7]                                   1               -2.480512
   6348 lineup[308,8]                                   1               -1.786897
   6373 lineup[373,1]                                   1                  -6.053
   6374 lineup[373,2]                                   1                 -4.5662
   6375 lineup[373,3]                                   1                -4.48528
   6376 lineup[373,4]                                   1               -2.921393
   6377 lineup[373,5]                                   1                -2.65388
   6378 lineup[373,6]                                   1               -2.670219
   6379 lineup[373,7]                                   1               -2.130895
   6380 lineup[373,8]                                   1               -1.756121
   6381 lineup[19,1]                                    1                  -5.985
   6382 lineup[19,2]                                    1                  -4.488
   6383 lineup[19,3]                                    1               -4.165935
   6384 lineup[19,4]                                    1                -3.18608
   6385 lineup[19,5]                                    1               -2.863726
   6386 lineup[19,6]                                    1               -2.529564
   6387 lineup[19,7]                                    1               -2.148621
   6388 lineup[19,8]                                    1               -1.415027
   6429 lineup[212,1]                                   1                  -4.358
   6430 lineup[212,2]                                   1                -4.17435
   6431 lineup[212,3]                                   1               -4.209285
   6432 lineup[212,4]                                   1               -3.134494
   6433 lineup[212,5]                                   1               -2.641352
   6434 lineup[212,6]                                   1               -2.067667
   6435 lineup[212,7]                                   1               -1.881222
   6436 lineup[212,8]                                   1                -1.62212
   6437 lineup[430,1]                                   1                  -4.899
   6440 lineup[430,4]                                   1               -2.537564
   6441 lineup[430,5]                                   1               -2.753583
   6442 lineup[430,6]                                   1               -2.581034
   6443 lineup[430,7]                                   1               -2.461655
   6444 lineup[430,8]                                   1               -1.638149
   6445 lineup[108,1]                                   1                  -5.134
   6446 lineup[108,2]                                   1                -4.16755
   6447 lineup[108,3]                                   1               -3.666687
   6448 lineup[108,4]                                   1               -3.315661
   6449 lineup[108,5]                                   1               -2.163194
   6450 lineup[108,6]                                   1               -2.327678
   6451 lineup[108,7]                                   1               -1.964195
   6452 lineup[108,8]                                   1               -1.426889
   6453 lineup[143,1]                                   1                  -5.533
   6454 lineup[143,2]                                   1                -4.47865
   6455 lineup[143,3]                                   1               -3.741105
   6456 lineup[143,4]                                   1               -2.674514
   6457 lineup[143,5]                                   1               -2.405927
   6458 lineup[143,6]                                   1               -2.404439
   6459 lineup[143,7]                                   1               -1.793346
   6460 lineup[143,8]                                   1               -1.415027
   6477 lineup[8,1]                                     1                  -4.964
   6478 lineup[8,2]                                     1                -3.97545
   6479 lineup[8,3]                                     1                -3.57204
   6480 lineup[8,4]                                     1               -2.716889
   6481 lineup[8,5]                                     1               -2.552611
   6482 lineup[8,6]                                     1               -2.101388
   6483 lineup[8,7]                                     1                -1.84049
   6484 lineup[8,8]                                     1               -1.300581
   6542 lineup[195,2]                                   1                -3.34475
   6543 lineup[195,3]                                   1               -3.793848
   6544 lineup[195,4]                                   1               -3.097032
   6545 lineup[195,5]                                   1               -2.233143
   6547 lineup[195,7]                                   1               -1.519535
   6548 lineup[195,8]                                   1               -1.407333
   6581 lineup[131,1]                                   1                  -5.615
   6582 lineup[131,2]                                   1                -3.79015
   6583 lineup[131,3]                                   1               -3.272925
   6586 lineup[131,6]                                   1               -2.297062
   6588 lineup[131,8]                                   1               -1.072651
   6597 lineup[5,1]                                     1                  -5.338
   6598 lineup[5,2]                                     1                 -3.1569
   6599 lineup[5,3]                                     1               -3.350955
   6601 lineup[5,5]                                     1               -2.107861
   6602 lineup[5,6]                                     1               -1.993568
   6603 lineup[5,7]                                     1               -1.587045
   6677 lineup[148,1]                                   1                  -5.165
   6678 lineup[148,2]                                   1                 -3.4901
   6679 lineup[148,3]                                   1               -3.048227
   6680 lineup[148,4]                                   1               -2.038895
   6682 lineup[148,6]                                   1               -2.098726
   6840 lineup[112,4]                                   1               -2.745139
   6873 lineup[275,5]                                   1               -2.365732
   6875 lineup[275,7]                                   1               -1.399602
   6876 lineup[275,8]                                   1               -1.436827
   9325 captain[308,1]                                  1                  -6.446
   9326 captain[308,2]                                  1                -6.20755
   9328 captain[308,4]                                  1               -4.003481
   9329 captain[308,5]                                  1               -3.706244
   9330 captain[308,6]                                  1               -3.172493
   9331 captain[308,7]                                  1               -2.480512
   9332 captain[308,8]                                  1               -1.786897
   9359 captain[373,3]                                  1                -4.48528
  12341 vicecap[373,1]                                  1                 -0.6053
  12342 vicecap[373,2]                                  1                -0.45662
  12346 vicecap[373,6]                                  1               -0.267022
  12348 vicecap[373,8]                                  1               -0.175612
  12353 vicecap[19,5]                                   1               -0.286373
  12399 vicecap[212,3]                                  1               -0.420928
  12411 vicecap[430,7]                                  1               -0.246165
  12416 vicecap[108,4]                                  1               -0.331566
  15683 bench[430,2,2]                                  1                -0.17238
  15686 bench[430,3,1]                                  1               -0.673962
  16095 bench[195,1,2]                                  1                -0.19728
  16115 bench[195,6,2]                                  1               -0.099567
  16267 bench[131,4,2]                                  1               -0.122592
  16270 bench[131,5,1]                                  1               -0.359668
  16279 bench[131,7,2]                                  1               -0.076441
  16330 bench[5,4,1]                                    1               -0.489556
  16347 bench[5,8,2]                                    1               -0.049664
  16653 bench[148,5,0]                                  1               -0.051522
  16661 bench[148,7,0]                                  1               -0.038503
  16665 bench[148,8,0]                                  1               -0.031987
  17278 bench[112,1,1]                                  1                -0.81438
  17282 bench[112,2,1]                                  1               -0.645813
  17287 bench[112,3,2]                                  1               -0.167071
  17295 bench[112,5,2]                                  1               -0.082185
  17298 bench[112,6,1]                                  1               -0.394889
  17302 bench[112,7,1]                                  1               -0.312608
  17306 bench[112,8,1]                                  1               -0.201694
  17405 bench[275,1,0]                                  1                -0.11112
  17409 bench[275,2,0]                                  1               -0.092871
  17413 bench[275,3,0]                                  1                -0.06483
  17417 bench[275,4,0]                                  1               -0.048528
  17425 bench[275,6,0]                                  1               -0.047334
  24128 bench[538,1,3]                                  1               -0.002763
  24132 bench[538,2,3]                                  1               -0.002282
  24136 bench[538,3,3]                                  1               -0.001821
  24140 bench[538,4,3]                                  1               -0.002008
  24144 bench[538,5,3]                                  1               -0.001336
  24148 bench[538,6,3]                                  1               -0.001129
  24152 bench[538,7,3]                                  1               -0.001228
  24156 bench[538,8,3]                                  1               -0.000815
  27229 transfer_in[308,1]                              1                3.031275
  27261 transfer_in[373,1]                              1                2.061267
  27269 transfer_in[19,1]                               1                2.061267
  27317 transfer_in[212,1]                              1                1.818765
  27325 transfer_in[430,1]                              1                1.576263
  27333 transfer_in[108,1]                              1                1.576263
  27341 transfer_in[143,1]                              1                1.576263
  27365 transfer_in[8,1]                                1                1.940016
  27429 transfer_in[195,1]                              1                1.333761
  27469 transfer_in[131,1]                              1                 1.21251
  27485 transfer_in[5,1]                                1                 1.21251
  27565 transfer_in[148,1]                              1                1.091259
  27725 transfer_in[112,1]                              1                1.091259
  27757 transfer_in[275,1]                              1                1.091259
  29437 transfer_in[538,1]                              1                1.091259
  33197 itb[0]                                        100                       0
  33198 itb[1]                                          2                       0
  33199 itb[2]                                          2           2.7755576e-17
  33200 itb[3]                                          2           1.3877788e-17
  33201 itb[4]                                          2                       0
  33202 itb[5]                                          2                       0
  33203 itb[6]                                          2                       0
  33204 itb[7]                                          2            3.469447e-18
  33205 itb[8]                                          2                       0
  33207 ft[1]                                           1                    -1.5
  33208 ft[2]                                           1                  -1.275
  33209 ft[3]                                           2                -1.08375
  33210 ft[4]                                           2               -0.921187
  33211 ft[5]                                           2               -0.783009
  33212 ft[6]                                           2               -0.665558
  33213 ft[7]                                           2               -0.565724
  33214 ft[8]                                           2               -0.480866
  33225 aux[3]                                          1                       0
  33226 aux[4]                                          1                       0
  33227 aux[5]                                          1                       0
  33228 aux[6]                                          1                       0
  33229 aux[7]                                          1                       0
  33230 aux[8]                                          1                       0
