Optimal (within gap tolerance) - objective value -178.77204300
      1 squad[308,1]                                    1                       0
      2 squad[308,2]                                    1                       0
      7 squad[355,3]                                    1                       0
     17 squad[373,1]                                    1                       0
     18 squad[373,2]                                    1                       0
     19 squad[373,3]                                    1                       0
     31 squad[353,3]                                    1                       0
     45 squad[212,1]                                    1                       0
     46 squad[212,2]                                    1                       0
     47 squad[212,3]                                    1                       0
     53 squad[108,1]                                    1                       0
     54 squad[108,2]                                    1                       0
     55 squad[108,3]                                    1                       0
     57 squad[143,1]                                    1                       0
     58 squad[143,2]                                    1                       0
     59 squad[143,3]                                    1                       0
     61 squad[134,1]                                    1                       0
     62 squad[134,2]                                    1                       0
     63 squad[134,3]                                    1                       0
    105 squad[307,1]                                    1                       0
    106 squad[307,2]                                    1                       0
    107 squad[307,3]                                    1                       0
    113 squad[17,1]                                     1                       0
    114 squad[17,2]                                     1                       0
    115 squad[17,3]                                     1                       0
    121 squad[131,1]                                    1                       0
    122 squad[131,2]                                    1                       0
    123 squad[131,3]                                    1                       0
    129 squad[5,1]                                      1                       0
    130 squad[5,2]                                      1                       0
    131 squad[5,3]                                      1                       0
    153 squad[398,1]                                    1                       0
    154 squad[398,2]                                    1                       0
    155 squad[398,3]                                    1                       0
    177 squad[20,1]                                     1                       0
    178 squad[20,2]                                     1                       0
    179 squad[20,3]                                     1                       0
    185 squad[291,1]                                    1                       0
    186 squad[291,2]                                    1                       0
    187 squad[291,3]                                    1                       0
    193 squad[437,1]                                    1                       0
    194 squad[437,2]                                    1                       0
   1105 squad[538,1]                                    1                       0
   1106 squad[538,2]                                    1                       0
   1107 squad[538,3]                                    1                       0
   2611 lineup[308,1]                                   1                  -6.446
   2612 lineup[308,2]                                   1                -6.20755
   2616 lineup[355,3]                                   1               -5.553135
   2623 lineup[373,1]                                   1                  -6.053
   2624 lineup[373,2]                                   1                 -4.5662
   2625 lineup[373,3]                                   1                -4.48528
   2634 lineup[353,3]                                   1               -4.475887
   2644 lineup[212,1]                                   1                  -4.358
   2645 lineup[212,2]                                   1                -4.17435
   2646 lineup[212,3]                                   1               -4.209285
   2650 lineup[108,1]                                   1                  -5.134
   2651 lineup[108,2]                                   1                -4.16755
   2652 lineup[108,3]                                   1               -3.666687
   2653 lineup[143,1]                                   1                  -5.533
   2654 lineup[143,2]                                   1                -4.47865
   2655 lineup[143,3]                                   1               -3.741105
   2656 lineup[134,1]                                   1                  -5.545
   2657 lineup[134,2]                                   1                -4.28655
   2658 lineup[134,3]                                   1               -3.626227
   2690 lineup[307,2]                                   1                 -4.7685
   2695 lineup[17,1]                                    1                  -5.246
   2697 lineup[17,3]                                    1                 -3.4102
   2701 lineup[131,1]                                   1                  -5.615
   2702 lineup[131,2]                                   1                -3.79015
   2703 lineup[131,3]                                   1               -3.272925
   2707 lineup[5,1]                                     1                  -5.338
   2709 lineup[5,3]                                     1               -3.350955
   2725 lineup[398,1]                                   1                  -4.891
   2726 lineup[398,2]                                   1                 -3.2079
   2727 lineup[398,3]                                   1               -3.646457
   2743 lineup[20,1]                                    1                  -5.157
   2750 lineup[291,2]                                   1                 -4.2602
   2756 lineup[437,2]                                   1                 -4.1123
   3730 captain[308,1]                                  1                  -6.446
   3731 captain[308,2]                                  1                -6.20755
   3735 captain[355,3]                                  1               -5.553135
   4861 vicecap[373,1]                                  1                 -0.6053
   4863 vicecap[373,3]                                  1               -0.448528
   4928 vicecap[307,2]                                  1                -0.47685
   6281 bench[307,1,1]                                  1                 -0.8211
   6290 bench[307,3,2]                                  1               -0.134342
   6308 bench[17,2,0]                                   1               -0.098098
   6357 bench[5,2,1]                                    1               -0.662949
   6502 bench[20,2,2]                                   1               -0.180489
   6505 bench[20,3,1]                                   1               -0.674721
   6520 bench[291,1,0]                                  1                 -0.1095
   6528 bench[291,3,0]                                  1               -0.066737
   6546 bench[437,1,2]                                  1                -0.20346
   9283 bench[538,1,3]                                  1               -0.002763
   9287 bench[538,2,3]                                  1               -0.002282
   9291 bench[538,3,3]                                  1               -0.001821
  10444 transfer_in[308,1]                              1               1.6078125
  10449 transfer_in[355,3]                              1                 0.50575
  10456 transfer_in[373,1]                              1               1.0933125
  10467 transfer_in[353,3]                              1               0.2709375
  10477 transfer_in[212,1]                              1               0.9646875
  10483 transfer_in[108,1]                              1               0.8360625
  10486 transfer_in[143,1]                              1               0.8360625
  10489 transfer_in[134,1]                              1               0.8360625
  10522 transfer_in[307,1]                              1               0.8360625
  10528 transfer_in[17,1]                               1                0.643125
  10534 transfer_in[131,1]                              1                0.643125
  10540 transfer_in[5,1]                                1                0.643125
  10558 transfer_in[398,1]                              1               0.7074375
  10576 transfer_in[20,1]                               1                0.643125
  10582 transfer_in[291,1]                              1               0.7074375
  10588 transfer_in[437,1]                              1               0.8360625
  11272 transfer_in[538,1]                              1               0.5788125
  11565 tr_out_reg[308,3]                               1              -0.4515625
  11709 tr_out_reg[437,3]                               1              -0.2348125
  12682 itb[0]                                        100                       0
  12683 itb[1]                                        3.5                       0
  12684 itb[2]                                        3.5           6.9388939e-18
  12685 itb[3]                                          1                       0
  12687 ft[1]                                           1                    -1.5
  12688 ft[2]                                           1                  -1.275
  12689 ft[3]                                           2                -1.08375
  12695 aux[3]                                          1                       0
