Optimal (within gap tolerance) - objective value -286.53823979
      0 squad[318,21]                                    1                       0
      1 squad[318,22]                                    1                       0
      2 squad[318,23]                                    1                       0
      3 squad[318,24]                                    1                       0
      4 squad[318,25]                                    1                       0
      5 squad[318,26]                                    1                       0
      6 squad[13,21]                                     1                       0
      7 squad[13,22]                                     1                       0
      8 squad[13,23]                                     1                       0
      9 squad[13,24]                                     1                       0
     10 squad[13,25]                                     1                       0
     11 squad[13,26]                                     1                       0
     15 squad[283,24]                                    1                       0
     16 squad[283,25]                                    1                       0
     17 squad[283,26]                                    1                       0
     18 squad[335,21]                                    1                       0
     19 squad[335,22]                                    1                       0
     20 squad[335,23]                                    1                       0
     21 squad[335,24]                                    1                       0
     22 squad[335,25]                                    1                       0
     23 squad[335,26]                                    1                       0
     25 squad[333,22]                                    1                       0
     26 squad[333,23]                                    1                       0
     27 squad[333,24]                                    1                       0
     28 squad[333,25]                                    1                       0
     29 squad[333,26]                                    1                       0
     36 squad[301,21]                                    1                       0
     48 squad[332,21]                                    1                       0
     49 squad[332,22]                                    1                       0
     50 squad[332,23]                                    1                       0
     51 squad[332,24]                                    1                       0
     52 squad[332,25]                                    1                       0
     53 squad[332,26]                                    1                       0
     61 squad[26,22]                                     1                       0
     62 squad[26,23]                                     1                       0
     63 squad[26,24]                                     1                       0
     64 squad[26,25]                                     1                       0
     65 squad[26,26]                                     1                       0
     66 squad[307,21]                                    1                       0
     67 squad[307,22]                                    1                       0
     68 squad[307,23]                                    1                       0
     69 squad[307,24]                                    1                       0
     70 squad[307,25]                                    1                       0
     71 squad[307,26]                                    1                       0
     72 squad[16,21]                                     1                       0
     78 squad[133,21]                                    1                       0
     91 squad[11,22]                                     1                       0
     92 squad[11,23]                                     1                       0
     93 squad[11,24]                                     1                       0
     94 squad[11,25]                                     1                       0
     95 squad[11,26]                                     1                       0
    120 squad[357,21]                                    1                       0
    145 squad[124,22]                                    1                       0
    146 squad[124,23]                                    1                       0
    147 squad[124,24]                                    1                       0
    148 squad[124,25]                                    1                       0
    149 squad[124,26]                                    1                       0
    151 squad[238,22]                                    1                       0
    152 squad[238,23]                                    1                       0
    153 squad[238,24]                                    1                       0
    154 squad[238,25]                                    1                       0
    155 squad[238,26]                                    1                       0
    211 squad[586,22]                                    1                       0
    212 squad[586,23]                                    1                       0
    213 squad[586,24]                                    1                       0
    214 squad[586,25]                                    1                       0
    215 squad[586,26]                                    1                       0
    270 squad[210,21]                                    1                       0
    330 squad[358,21]                                    1                       0
    337 squad[222,22]                                    1                       0
    338 squad[222,23]                                    1                       0
    339 squad[222,24]                                    1                       0
    340 squad[222,25]                                    1                       0
    341 squad[222,26]                                    1                       0
    343 squad[225,22]                                    1                       0
    355 squad[461,22]                                    1                       0
    356 squad[461,23]                                    1                       0
    357 squad[461,24]                                    1                       0
    358 squad[461,25]                                    1                       0
    359 squad[461,26]                                    1                       0
    378 squad[160,21]                                    1                       0
    452 squad[303,23]                                    1                       0
    528 squad[346,21]                                    1                       0
    541 squad[596,22]                                    1                       0
    542 squad[596,23]                                    1                       0
    543 squad[596,24]                                    1                       0
    544 squad[596,25]                                    1                       0
    545 squad[596,26]                                    1                       0
    888 squad[345,21]                                    1                       0
   2022 squad[112,21]                                    1                       0
   5588 lineup[318,22]                                   1               -6.325409
   5589 lineup[318,23]                                   1               -10.76954
   5590 lineup[318,24]                                   1               -4.646916
   5591 lineup[318,25]                                   1               -3.775563
   5592 lineup[318,26]                                   1               -3.529971
   5593 lineup[13,22]                                    1               -5.035937
   5594 lineup[13,23]                                    1               -7.819941
   5595 lineup[13,24]                                    1               -3.659279
   5596 lineup[13,25]                                    1               -2.772744
   5597 lineup[13,26]                                    1               -2.106316
   5600 lineup[283,24]                                   1               -3.219586
   5601 lineup[283,25]                                   1               -3.581863
   5602 lineup[283,26]                                   1               -2.138943
   5603 lineup[335,22]                                   1               -11.44155
   5604 lineup[335,23]                                   1               -3.211102
   5605 lineup[335,24]                                   1                 -3.2635
   5606 lineup[335,25]                                   1               -2.645603
   5607 lineup[335,26]                                   1               -1.992438
   5608 lineup[333,22]                                   1               -10.35404
   5609 lineup[333,23]                                   1               -3.626461
   5610 lineup[333,24]                                   1               -3.304568
   5611 lineup[333,25]                                   1               -2.851649
   5612 lineup[333,26]                                   1               -1.871309
   5628 lineup[332,22]                                   1               -10.76874
   5629 lineup[332,23]                                   1               -3.451815
   5630 lineup[332,24]                                   1               -3.320025
   5631 lineup[332,25]                                   1               -2.317179
   5639 lineup[26,23]                                    1               -6.926447
   5640 lineup[26,24]                                    1               -2.666798
   5641 lineup[26,25]                                    1               -2.146279
   5642 lineup[26,26]                                    1                -2.90364
   5644 lineup[307,23]                                   1               -6.252692
   5645 lineup[307,24]                                   1               -3.085606
   5646 lineup[307,25]                                   1               -2.510295
   5647 lineup[307,26]                                   1               -1.813734
   5663 lineup[11,22]                                    1               -4.944784
   5664 lineup[11,23]                                    1               -7.585014
   5666 lineup[11,25]                                    1               -2.142962
   5708 lineup[124,22]                                   1               -6.533943
   5709 lineup[124,23]                                   1               -3.866604
   5710 lineup[124,24]                                   1               -2.719768
   5711 lineup[124,25]                                   1               -2.450437
   5712 lineup[124,26]                                   1                -2.07649
   5713 lineup[238,22]                                   1               -6.917683
   5763 lineup[586,22]                                   1               -5.247367
   5764 lineup[586,23]                                   1                -3.03777
   5765 lineup[586,24]                                   1               -2.518585
   5767 lineup[586,26]                                   1               -1.753681
   5868 lineup[222,22]                                   1               -7.172623
   5873 lineup[225,22]                                   1               -8.988144
   5886 lineup[461,25]                                   1               -3.058676
   5887 lineup[461,26]                                   1               -1.634427
   5964 lineup[303,23]                                   1               -5.736813
   6040 lineup[596,24]                                   1               -3.572944
   6042 lineup[596,26]                                   1               -1.657485
   8129 captain[318,23]                                  1               -10.76954
   8130 captain[318,24]                                  1               -4.646916
   8131 captain[318,25]                                  1               -3.775563
   8132 captain[318,26]                                  1               -3.529971
   8143 captain[335,22]                                  1               -11.44155
  10674 vicecap[13,23]                                   1              -0.7819941
  10675 vicecap[13,24]                                   1              -0.3659279
  10681 vicecap[283,25]                                  1              -0.3581863
  10708 vicecap[332,22]                                  1               -1.076874
  10722 vicecap[26,26]                                   1               -0.290364
  13386 bench[332,26,2]                                  1             -0.07316764
  13409 bench[26,22,1]                                   1              -0.9336407
  13428 bench[307,22,0]                                  1              -0.1006601
  13517 bench[11,24,1]                                   1              -0.4750567
  13527 bench[11,26,3]                                   1            -0.002418098
  13712 bench[238,23,0]                                  1             -0.07839475
  13716 bench[238,24,0]                                  1             -0.07986675
  13720 bench[238,25,0]                                  1             -0.06085474
  13724 bench[238,26,0]                                  1             -0.04091601
  13923 bench[586,25,3]                                  1             -0.00403991
  14334 bench[222,23,2]                                  1              -0.1271386
  14338 bench[222,24,2]                                  1              -0.1272468
  14341 bench[222,25,1]                                  1              -0.4457267
  14345 bench[222,26,1]                                  1              -0.2853487
  14390 bench[461,22,2]                                  1              -0.1862869
  14393 bench[461,23,1]                                  1              -0.5579422
  14399 bench[461,24,3]                                  1            -0.005126161
  15011 bench[596,22,3]                                  1            -0.008633142
  15015 bench[596,23,3]                                  1            -0.005723994
  15022 bench[596,25,2]                                  1             -0.08172733
  23380 transfer_in[283,24]                              1               4.2902778
  23388 transfer_in[333,22]                              1               6.9218617
  23418 transfer_in[26,22]                               1               3.7056431
  23443 transfer_in[11,22]                               1               4.6844923
  23488 transfer_in[124,22]                              1               3.5658075
  23493 transfer_in[238,22]                              1               3.1463008
  23543 transfer_in[586,22]                              1               3.1463008
  23648 transfer_in[222,22]                              1               3.1463008
  23653 transfer_in[225,22]                              1               4.4747389
  23663 transfer_in[461,22]                              1                3.076383
  23744 transfer_in[303,23]                              1               3.8436702
  23818 transfer_in[596,22]                              1               3.2162186
  25908 tr_out_first[133,22]                             1              -3.1463008
  25913 tr_out_first[357,22]                             1              -4.1251499
  25918 tr_out_first[358,22]                             1              -3.1463008
  25938 tr_out_first[210,22]                             1              -4.8243279
  25973 tr_out_reg[301,22]                               1              -8.7397244
  26003 tr_out_reg[16,22]                                1              -3.6357253
  26229 tr_out_reg[225,23]                               1              -3.1947389
  26258 tr_out_reg[160,22]                               1               -5.103999
  26320 tr_out_reg[303,24]                               1              -2.5808702
  26383 tr_out_reg[346,22]                               1              -3.1463008
  26683 tr_out_reg[345,22]                               1              -4.5446567
  27628 tr_out_reg[112,22]                               1              -3.5658075
  28483 itb[21]                                        0.2                       0
  28484 itb[22]                                        7.2           5.5511151e-17
  28485 itb[23]                                        5.9                       0
  28486 itb[24]                                        0.8           2.7755576e-17
  28487 itb[25]                                        0.8           1.3877788e-17
  28488 itb[26]                                        0.8                       0
  28490 ft[22]                                           2                    -1.5
  28491 ft[23]                                           1                   -1.23
  28492 ft[24]                                           1                 -1.0086
  28493 ft[25]                                           1               -0.827052
  28494 ft[26]                                           2              -0.6781826
  28504 aux[26]                                          1                       0
  28505 use_wc[22]                                       1                       0
