Optimal (within gap tolerance) - objective value -277.49901253
      0 squad[318,21]                                    1                       0
      1 squad[318,22]                                    1                       0
      2 squad[318,23]                                    1                       0
      3 squad[318,24]                                    1                       0
      4 squad[318,25]                                    1                       0
      5 squad[318,26]                                    1                       0
      6 squad[13,21]                                     1                       0
      7 squad[13,22]                                     1                       0
      8 squad[13,23]                                     1                       0
      9 squad[13,24]                                     1                       0
     10 squad[13,25]                                     1                       0
     11 squad[13,26]                                     1                       0
     14 squad[283,23]                                    1                       0
     15 squad[283,24]                                    1                       0
     16 squad[283,25]                                    1                       0
     17 squad[283,26]                                    1                       0
     18 squad[335,21]                                    1                       0
     19 squad[335,22]                                    1                       0
     20 squad[335,23]                                    1                       0
     25 squad[333,22]                                    1                       0
     31 squad[7,22]                                      1                       0
     32 squad[7,23]                                      1                       0
     33 squad[7,24]                                      1                       0
     34 squad[7,25]                                      1                       0
     35 squad[7,26]                                      1                       0
     36 squad[301,21]                                    1                       0
     48 squad[332,21]                                    1                       0
     49 squad[332,22]                                    1                       0
     50 squad[332,23]                                    1                       0
     51 squad[332,24]                                    1                       0
     52 squad[332,25]                                    1                       0
     53 squad[332,26]                                    1                       0
     66 squad[307,21]                                    1                       0
     67 squad[307,22]                                    1                       0
     68 squad[307,23]                                    1                       0
     69 squad[307,24]                                    1                       0
     70 squad[307,25]                                    1                       0
     71 squad[307,26]                                    1                       0
     72 squad[16,21]                                     1                       0
     73 squad[16,22]                                     1                       0
     74 squad[16,23]                                     1                       0
     75 squad[16,24]                                     1                       0
     76 squad[16,25]                                     1                       0
     77 squad[16,26]                                     1                       0
     78 squad[133,21]                                    1                       0
    120 squad[357,21]                                    1                       0
    121 squad[357,22]                                    1                       0
    122 squad[357,23]                                    1                       0
    123 squad[357,24]                                    1                       0
    124 squad[357,25]                                    1                       0
    125 squad[357,26]                                    1                       0
    139 squad[284,22]                                    1                       0
    140 squad[284,23]                                    1                       0
    141 squad[284,24]                                    1                       0
    142 squad[284,25]                                    1                       0
    143 squad[284,26]                                    1                       0
    145 squad[124,22]                                    1                       0
    146 squad[124,23]                                    1                       0
    147 squad[124,24]                                    1                       0
    148 squad[124,25]                                    1                       0
    149 squad[124,26]                                    1                       0
    151 squad[238,22]                                    1                       0
    152 squad[238,23]                                    1                       0
    153 squad[238,24]                                    1                       0
    154 squad[238,25]                                    1                       0
    155 squad[238,26]                                    1                       0
    270 squad[210,21]                                    1                       0
    330 squad[358,21]                                    1                       0
    349 squad[619,22]                                    1                       0
    350 squad[619,23]                                    1                       0
    351 squad[619,24]                                    1                       0
    352 squad[619,25]                                    1                       0
    353 squad[619,26]                                    1                       0
    378 squad[160,21]                                    1                       0
    421 squad[235,22]                                    1                       0
    422 squad[235,23]                                    1                       0
    423 squad[235,24]                                    1                       0
    424 squad[235,25]                                    1                       0
    425 squad[235,26]                                    1                       0
    441 squad[116,24]                                    1                       0
    442 squad[116,25]                                    1                       0
    443 squad[116,26]                                    1                       0
    528 squad[346,21]                                    1                       0
    541 squad[596,22]                                    1                       0
    542 squad[596,23]                                    1                       0
    543 squad[596,24]                                    1                       0
    544 squad[596,25]                                    1                       0
    545 squad[596,26]                                    1                       0
    888 squad[345,21]                                    1                       0
   2022 squad[112,21]                                    1                       0
   5588 lineup[318,22]                                   1               -6.174074
   5589 lineup[318,23]                                   1               -10.58224
   5590 lineup[318,24]                                   1               -3.865513
   5591 lineup[318,25]                                   1               -3.966858
   5592 lineup[318,26]                                   1               -2.331397
   5593 lineup[13,22]                                    1               -5.687665
   5594 lineup[13,23]                                    1               -7.477328
   5595 lineup[13,24]                                    1               -3.502132
   5596 lineup[13,25]                                    1               -2.539665
   5597 lineup[13,26]                                    1                -2.45895
   5599 lineup[283,23]                                   1               -5.301433
   5600 lineup[283,24]                                   1               -3.687038
   5601 lineup[283,25]                                   1               -3.596902
   5602 lineup[283,26]                                   1               -1.976417
   5603 lineup[335,22]                                   1               -10.53415
   5604 lineup[335,23]                                   1               -4.743494
   5608 lineup[333,22]                                   1               -9.315845
   5613 lineup[7,22]                                     1               -5.877286
   5614 lineup[7,23]                                     1               -7.602259
   5615 lineup[7,24]                                     1               -2.905443
   5616 lineup[7,25]                                     1               -2.883411
   5617 lineup[7,26]                                     1               -2.610613
   5628 lineup[332,22]                                   1                -9.29997
   5629 lineup[332,23]                                   1               -2.979637
   5630 lineup[332,24]                                   1               -3.030127
   5631 lineup[332,25]                                   1               -2.149149
   5644 lineup[307,23]                                   1               -6.156321
   5645 lineup[307,24]                                   1               -2.791742
   5646 lineup[307,25]                                   1               -2.366107
   5647 lineup[307,26]                                   1               -1.716129
   5648 lineup[16,22]                                    1               -4.836156
   5649 lineup[16,23]                                    1               -6.685451
   5650 lineup[16,24]                                    1               -2.693383
   5651 lineup[16,25]                                    1                 -2.1234
   5652 lineup[16,26]                                    1               -2.730401
   5688 lineup[357,22]                                   1               -5.536294
   5689 lineup[357,23]                                   1               -4.302912
   5690 lineup[357,24]                                   1               -2.745402
   5691 lineup[357,25]                                   1               -2.240301
   5692 lineup[357,26]                                   1               -1.275548
   5704 lineup[284,23]                                   1               -5.058624
   5706 lineup[284,25]                                   1               -2.240956
   5707 lineup[284,26]                                   1               -1.653247
   5709 lineup[124,23]                                   1               -4.078961
   5710 lineup[124,24]                                   1               -3.184351
   5711 lineup[124,25]                                   1               -2.269845
   5712 lineup[124,26]                                   1               -1.456266
   5713 lineup[238,22]                                   1               -6.812827
   5878 lineup[619,22]                                   1               -7.736455
   5938 lineup[235,22]                                   1               -6.746146
   5955 lineup[116,24]                                   1               -3.784802
   5956 lineup[116,25]                                   1               -2.263985
   5957 lineup[116,26]                                   1                -1.82549
   6040 lineup[596,24]                                   1               -3.756409
   6042 lineup[596,26]                                   1               -1.625489
   8129 captain[318,23]                                  1               -10.58224
   8130 captain[318,24]                                  1               -3.865513
   8131 captain[318,25]                                  1               -3.966858
   8143 captain[335,22]                                  1               -10.53415
   8192 captain[16,26]                                   1               -2.730401
  10681 vicecap[283,25]                                  1              -0.3596902
  10688 vicecap[333,22]                                  1              -0.9315845
  10694 vicecap[7,23]                                    1              -0.7602259
  10697 vicecap[7,26]                                    1              -0.2610613
  11035 vicecap[116,24]                                  1              -0.3784802
  13386 bench[332,26,2]                                  1             -0.05592755
  13428 bench[307,22,0]                                  1              -0.1044287
  13669 bench[284,22,1]                                  1              -0.9529817
  13677 bench[284,24,1]                                  1              -0.4276234
  13690 bench[124,22,2]                                  1              -0.2586744
  13712 bench[238,23,0]                                  1             -0.07871468
  13716 bench[238,24,0]                                  1              -0.0725852
  13720 bench[238,25,0]                                  1             -0.06584257
  13724 bench[238,26,0]                                  1             -0.04150595
  14374 bench[619,23,2]                                  1               -0.118815
  14379 bench[619,24,3]                                  1            -0.004045177
  14382 bench[619,25,2]                                  1             -0.09520944
  14387 bench[619,26,3]                                  1            -0.002432048
  14615 bench[235,23,3]                                  1            -0.005853903
  14618 bench[235,24,2]                                  1             -0.08691798
  14621 bench[235,25,1]                                  1              -0.4223278
  14625 bench[235,26,1]                                  1              -0.2135462
  15011 bench[596,22,3]                                  1            -0.009062153
  15013 bench[596,23,1]                                  1              -0.5743266
  15023 bench[596,25,3]                                  1            -0.002287547
  23379 transfer_in[283,23]                              1               6.3894778
  23388 transfer_in[333,22]                              1               6.9218617
  23393 transfer_in[7,22]                                1               4.8243279
  23483 transfer_in[284,22]                              1               4.7544101
  23488 transfer_in[124,22]                              1               3.5658075
  23493 transfer_in[238,22]                              1               3.1463008
  23658 transfer_in[619,22]                              1               3.4958898
  23718 transfer_in[235,22]                              1               3.1463008
  23735 transfer_in[116,24]                              1               1.8099609
  23818 transfer_in[596,22]                              1               3.2162186
  25908 tr_out_first[133,22]                             1              -3.1463008
  25918 tr_out_first[358,22]                             1              -3.1463008
  25935 tr_out_first[335,24]                             1              -2.3127279
  25938 tr_out_first[210,22]                             1              -4.8243279
  25964 tr_out_reg[333,23]                               1              -4.9418617
  25973 tr_out_reg[301,22]                               1              -8.7397244
  26258 tr_out_reg[160,22]                               1               -5.103999
  26383 tr_out_reg[346,22]                               1              -3.1463008
  26683 tr_out_reg[345,22]                               1              -4.5446567
  27628 tr_out_reg[112,22]                               1              -3.5658075
  28483 itb[21]                                        0.2                       0
  28484 itb[22]                                        4.7           5.5511151e-17
  28485 itb[23]                                        1.8                       0
  28486 itb[24]                                        3.3           2.7755576e-17
  28487 itb[25]                                        3.3           1.3877788e-17
  28488 itb[26]                                        3.3                       0
  28490 ft[22]                                           2                    -1.5
  28491 ft[23]                                           1                   -1.23
  28492 ft[24]                                           1                 -1.0086
  28493 ft[25]                                           1               -0.827052
  28494 ft[26]                                           2              -0.6781826
  28504 aux[26]                                          1                       0
  28505 use_wc[22]                                       1                       0
