Optimal (within gap tolerance) - objective value -333.22214930
      0 squad[308,6]                                     1                      0
      1 squad[308,7]                                     1                      0
      2 squad[308,8]                                     1                      0
      3 squad[308,9]                                     1                      0
      4 squad[308,10]                                    1                      0
      5 squad[308,11]                                    1                      0
      6 squad[308,12]                                    1                      0
      7 squad[308,13]                                    1                      0
      8 squad[308,14]                                    1                      0
      9 squad[355,6]                                     1                      0
     10 squad[355,7]                                     1                      0
     11 squad[355,8]                                     1                      0
     12 squad[355,9]                                     1                      0
     13 squad[355,10]                                    1                      0
     14 squad[355,11]                                    1                      0
     15 squad[355,12]                                    1                      0
     16 squad[355,13]                                    1                      0
     17 squad[355,14]                                    1                      0
     20 squad[516,8]                                     1                      0
     21 squad[516,9]                                     1                      0
     31 squad[19,10]                                     1                      0
     32 squad[19,11]                                     1                      0
     33 squad[19,12]                                     1                      0
     34 squad[19,13]                                     1                      0
     35 squad[19,14]                                     1                      0
     37 squad[8,7]                                       1                      0
     38 squad[8,8]                                       1                      0
     39 squad[8,9]                                       1                      0
     40 squad[8,10]                                      1                      0
     41 squad[8,11]                                      1                      0
     42 squad[8,12]                                      1                      0
     43 squad[8,13]                                      1                      0
     44 squad[8,14]                                      1                      0
     69 squad[526,12]                                    1                      0
     70 squad[526,13]                                    1                      0
     71 squad[526,14]                                    1                      0
     72 squad[108,6]                                     1                      0
     73 squad[108,7]                                     1                      0
     74 squad[108,8]                                     1                      0
     75 squad[108,9]                                     1                      0
     76 squad[108,10]                                    1                      0
     77 squad[108,11]                                    1                      0
     78 squad[108,12]                                    1                      0
     79 squad[108,13]                                    1                      0
     80 squad[108,14]                                    1                      0
    105 squad[664,12]                                    1                      0
    106 squad[664,13]                                    1                      0
    107 squad[664,14]                                    1                      0
    108 squad[599,6]                                     1                      0
    109 squad[599,7]                                     1                      0
    110 squad[599,8]                                     1                      0
    111 squad[599,9]                                     1                      0
    112 squad[599,10]                                    1                      0
    113 squad[599,11]                                    1                      0
    126 squad[131,6]                                     1                      0
    127 squad[131,7]                                     1                      0
    128 squad[131,8]                                     1                      0
    129 squad[131,9]                                     1                      0
    130 squad[131,10]                                    1                      0
    131 squad[131,11]                                    1                      0
    132 squad[131,12]                                    1                      0
    133 squad[131,13]                                    1                      0
    134 squad[131,14]                                    1                      0
    162 squad[36,6]                                      1                      0
    163 squad[36,7]                                      1                      0
    164 squad[36,8]                                      1                      0
    165 squad[36,9]                                      1                      0
    166 squad[36,10]                                     1                      0
    167 squad[36,11]                                     1                      0
    168 squad[36,12]                                     1                      0
    169 squad[36,13]                                     1                      0
    170 squad[36,14]                                     1                      0
    207 squad[226,6]                                     1                      0
    208 squad[226,7]                                     1                      0
    209 squad[226,8]                                     1                      0
    210 squad[226,9]                                     1                      0
    211 squad[226,10]                                    1                      0
    212 squad[226,11]                                    1                      0
    225 squad[433,6]                                     1                      0
    234 squad[405,6]                                     1                      0
    235 squad[405,7]                                     1                      0
    236 squad[405,8]                                     1                      0
    237 squad[405,9]                                     1                      0
    238 squad[405,10]                                    1                      0
    239 squad[405,11]                                    1                      0
    240 squad[405,12]                                    1                      0
    241 squad[405,13]                                    1                      0
    242 squad[405,14]                                    1                      0
    288 squad[396,6]                                     1                      0
    289 squad[396,7]                                     1                      0
    337 squad[113,10]                                    1                      0
    338 squad[113,11]                                    1                      0
    339 squad[113,12]                                    1                      0
    340 squad[113,13]                                    1                      0
    341 squad[113,14]                                    1                      0
    387 squad[524,6]                                     1                      0
    388 squad[524,7]                                     1                      0
    389 squad[524,8]                                     1                      0
    390 squad[524,9]                                     1                      0
    391 squad[524,10]                                    1                      0
    392 squad[524,11]                                    1                      0
    393 squad[524,12]                                    1                      0
    394 squad[524,13]                                    1                      0
    395 squad[524,14]                                    1                      0
    419 squad[220,11]                                    1                      0
    420 squad[220,12]                                    1                      0
    421 squad[220,13]                                    1                      0
    422 squad[220,14]                                    1                      0
    567 squad[427,6]                                     1                      0
    568 squad[427,7]                                     1                      0
    569 squad[427,8]                                     1                      0
    570 squad[427,9]                                     1                      0
    571 squad[427,10]                                    1                      0
    765 squad[33,6]                                      1                      0
    766 squad[33,7]                                      1                      0
    767 squad[33,8]                                      1                      0
    768 squad[33,9]                                      1                      0
    769 squad[33,10]                                     1                      0
    770 squad[33,11]                                     1                      0
    771 squad[33,12]                                     1                      0
    772 squad[33,13]                                     1                      0
    773 squad[33,14]                                     1                      0
    999 squad[101,6]                                     1                      0
   1000 squad[101,7]                                     1                      0
   1001 squad[101,8]                                     1                      0
   1002 squad[101,9]                                     1                      0
   3177 squad[139,6]                                     1                      0
   3178 squad[139,7]                                     1                      0
   3179 squad[139,8]                                     1                      0
   3180 squad[139,9]                                     1                      0
   3181 squad[139,10]                                    1                      0
   3182 squad[139,11]                                    1                      0
   3183 squad[139,12]                                    1                      0
   3184 squad[139,13]                                    1                      0
   3185 squad[139,14]                                    1                      0
   6341 lineup[308,7]                                    1                 -6.314
   6342 lineup[308,8]                                    1                -4.8552
   6343 lineup[308,9]                                    1              -5.169487
   6344 lineup[308,10]                                   1              -4.589356
   6345 lineup[308,11]                                   1              -4.408343
   6346 lineup[308,12]                                   1              -2.900945
   6347 lineup[308,13]                                   1              -2.002287
   6348 lineup[308,14]                                   1              -2.395993
   6349 lineup[355,7]                                    1                  -7.51
   6350 lineup[355,8]                                    1               -4.71665
   6351 lineup[355,9]                                    1              -4.738877
   6352 lineup[355,10]                                   1              -3.768271
   6353 lineup[355,11]                                   1               -4.52997
   6354 lineup[355,12]                                   1              -2.624961
   6355 lineup[355,13]                                   1              -2.454489
   6358 lineup[516,8]                                    1                -6.4056
   6359 lineup[516,9]                                    1              -4.596545
   6368 lineup[19,10]                                    1              -4.193245
   6369 lineup[19,11]                                    1              -2.572447
   6370 lineup[19,12]                                    1              -2.958183
   6371 lineup[19,13]                                    1              -2.018504
   6372 lineup[19,14]                                    1              -2.119335
   6373 lineup[8,7]                                      1                  -5.59
   6374 lineup[8,8]                                      1                -4.0477
   6375 lineup[8,9]                                      1               -3.52002
   6376 lineup[8,10]                                     1              -4.050768
   6377 lineup[8,11]                                     1              -2.490492
   6378 lineup[8,12]                                     1              -2.900058
   6379 lineup[8,13]                                     1              -1.878205
   6380 lineup[8,14]                                     1              -1.818954
   6402 lineup[526,12]                                   1              -2.364062
   6403 lineup[526,13]                                   1              -2.303252
   6404 lineup[526,14]                                   1              -1.518574
   6405 lineup[108,7]                                    1                 -5.535
   6406 lineup[108,8]                                    1               -4.28655
   6407 lineup[108,9]                                    1               -4.88699
   6408 lineup[108,10]                                   1              -2.901741
   6409 lineup[108,11]                                   1              -2.815702
   6412 lineup[108,14]                                   1              -2.212944
   6434 lineup[664,12]                                   1              -2.252692
   6435 lineup[664,13]                                   1              -2.268177
   6436 lineup[664,14]                                   1              -1.444841
   6437 lineup[599,7]                                    1                 -4.273
   6438 lineup[599,8]                                    1                -4.2143
   6439 lineup[599,9]                                    1              -3.429707
   6440 lineup[599,10]                                   1              -3.687821
   6441 lineup[599,11]                                   1              -2.586019
   6453 lineup[131,7]                                    1                 -4.422
   6454 lineup[131,8]                                    1                -3.5258
   6456 lineup[131,10]                                   1               -3.41085
   6457 lineup[131,11]                                   1               -2.51607
   6458 lineup[131,12]                                   1              -2.852581
   6459 lineup[131,13]                                   1              -1.934023
   6460 lineup[131,14]                                   1              -1.371749
   6486 lineup[36,8]                                     1               -3.88195
   6487 lineup[36,9]                                     1              -3.250527
   6488 lineup[36,10]                                    1              -3.985057
   6489 lineup[36,11]                                    1              -2.427329
   6490 lineup[36,12]                                    1              -2.163507
   6492 lineup[36,14]                                    1              -1.465999
   6525 lineup[226,7]                                    1                 -4.275
   6526 lineup[226,8]                                    1               -4.22875
   6529 lineup[226,11]                                   1              -2.544258
   6549 lineup[405,7]                                    1                 -5.833
   6550 lineup[405,8]                                    1               -3.39235
   6551 lineup[405,9]                                    1              -3.068457
   6552 lineup[405,10]                                   1              -2.672672
   6555 lineup[405,13]                                   1              -1.591194
   6556 lineup[405,14]                                   1              -1.310519
   6597 lineup[396,7]                                    1                 -4.043
   6640 lineup[113,10]                                   1              -3.325487
   6642 lineup[113,12]                                   1              -2.397784
   6644 lineup[113,14]                                   1              -1.532358
   6685 lineup[524,7]                                    1                 -4.787
   6686 lineup[524,8]                                    1               -2.96225
   6689 lineup[524,11]                                   1               -1.83433
   6691 lineup[524,13]                                   1               -1.60364
   6713 lineup[220,11]                                   1              -2.390789
   6714 lineup[220,12]                                   1              -2.026846
   6715 lineup[220,13]                                   1              -1.765437
   6845 lineup[427,7]                                    1                 -5.059
   6847 lineup[427,9]                                    1              -2.598832
   7023 lineup[33,9]                                     1               -2.43338
   7024 lineup[33,10]                                    1              -1.990379
   7026 lineup[33,12]                                    1              -1.340877
   7027 lineup[33,13]                                    1              -1.363018
   7028 lineup[33,14]                                    1              -1.370467
   7231 lineup[101,9]                                    1              -3.176832
   9327 captain[308,9]                                   1              -5.169487
   9328 captain[308,10]                                  1              -4.589356
   9332 captain[308,14]                                  1              -2.395993
   9333 captain[355,7]                                   1                  -7.51
   9337 captain[355,11]                                  1               -4.52997
   9339 captain[355,13]                                  1              -2.454489
   9342 captain[516,8]                                   1                -6.4056
   9354 captain[19,12]                                   1              -2.958183
  12309 vicecap[308,7]                                   1                -0.6314
  12310 vicecap[308,8]                                   1               -0.48552
  12313 vicecap[308,11]                                  1              -0.440834
  12314 vicecap[308,12]                                  1              -0.290095
  12336 vicecap[19,10]                                   1              -0.419325
  12375 vicecap[108,9]                                   1              -0.488699
  12380 vicecap[108,14]                                  1              -0.221294
  12403 vicecap[664,13]                                  1              -0.226818
  15354 bench[355,14,1]                                  1              -0.486328
  15570 bench[108,12,1]                                  1              -0.416506
  15574 bench[108,13,1]                                  1              -0.377949
  15751 bench[131,9,2]                                   1              -0.133995
  15870 bench[36,7,1]                                    1               -0.77301
  15895 bench[36,13,2]                                   1              -0.091942
  16038 bench[226,9,1]                                   1              -0.580652
  16042 bench[226,10,1]                                  1              -0.592213
  16143 bench[405,11,2]                                  1              -0.111908
  16147 bench[405,12,2]                                  1              -0.115647
  16493 bench[113,11,0]                                  1               -0.05207
  16501 bench[113,13,0]                                  1              -0.042339
  16677 bench[524,9,0]                                   1              -0.077813
  16681 bench[524,10,0]                                  1              -0.078798
  16689 bench[524,12,0]                                  1              -0.059661
  16697 bench[524,14,0]                                  1              -0.036998
  16795 bench[220,14,2]                                  1              -0.075419
  17315 bench[427,8,2]                                   1               -0.16677
  17323 bench[427,10,2]                                  1              -0.133683
  18015 bench[33,7,2]                                    1               -0.20286
  18018 bench[33,8,1]                                    1              -0.635817
  18030 bench[33,11,1]                                   1              -0.392773
  18845 bench[101,7,0]                                   1               -0.10428
  18849 bench[101,8,0]                                   1              -0.077826
  26592 bench[139,7,3]                                   1                      0
  26596 bench[139,8,3]                                   1                      0
  26600 bench[139,9,3]                                   1                      0
  26604 bench[139,10,3]                                  1                      0
  26608 bench[139,11,3]                                  1                      0
  26612 bench[139,12,3]                                  1                      0
  26616 bench[139,13,3]                                  1                      0
  26620 bench[139,14,3]                                  1                      0
  27246 transfer_in[516,8]                               1              1.7710184
  27256 transfer_in[19,10]                               1              0.9907299
  27261 transfer_in[8,7]                                 1              1.9157658
  27290 transfer_in[526,12]                              1              0.4052041
  27322 transfer_in[664,12]                              1              0.3538402
  27528 transfer_in[113,10]                              1              0.5466096
  27601 transfer_in[220,11]                              1              0.3909037
  30264 tr_out_reg[516,10]                               1             -1.0476684
  30346 tr_out_reg[599,12]                               1             -0.3766686
  30434 tr_out_reg[226,12]                               1             -0.3595473
  30445 tr_out_reg[433,7]                                1             -1.8915156
  30502 tr_out_reg[396,8]                                1             -1.7132678
  30753 tr_out_reg[427,11]                               1              -0.415855
  31136 tr_out_reg[101,10]                               1             -0.5124465
  33229 itb[6]                                         0.4                      0
  33230 itb[7]                                         0.3                      0
  33233 itb[10]                                        0.2                      0
  33234 itb[11]                                        0.5                      0
  33235 itb[12]                                        0.1                      0
  33236 itb[13]                                        0.1                      0
  33237 itb[14]                                        0.1                      0
  33239 ft[7]                                            1                   -1.5
  33240 ft[8]                                            1                 -1.275
  33241 ft[9]                                            1               -1.08375
  33242 ft[10]                                           2              -0.921187
  33243 ft[11]                                           1              -0.783009
  33244 ft[12]                                           1              -0.665558
  33245 ft[13]                                           1              -0.565724
  33246 ft[14]                                           2              -0.480866
  33252 pt[12]                                           1               1.774821
  33258 aux[10]                                          1                      0
  33262 aux[14]                                          1                      0
