Optimal (within gap tolerance) - objective value -270.10875351
      0 squad[318,21]                                    1                       0
      1 squad[318,22]                                    1                       0
      2 squad[318,23]                                    1                       0
      3 squad[318,24]                                    1                       0
      4 squad[318,25]                                    1                       0
      5 squad[318,26]                                    1                       0
      6 squad[13,21]                                     1                       0
      7 squad[13,22]                                     1                       0
      8 squad[13,23]                                     1                       0
      9 squad[13,24]                                     1                       0
     10 squad[13,25]                                     1                       0
     11 squad[13,26]                                     1                       0
     15 squad[283,24]                                    1                       0
     16 squad[283,25]                                    1                       0
     17 squad[283,26]                                    1                       0
     18 squad[335,21]                                    1                       0
     19 squad[335,22]                                    1                       0
     20 squad[335,23]                                    1                       0
     21 squad[335,24]                                    1                       0
     22 squad[335,25]                                    1                       0
     23 squad[335,26]                                    1                       0
     36 squad[301,21]                                    1                       0
     37 squad[301,22]                                    1                       0
     38 squad[301,23]                                    1                       0
     48 squad[332,21]                                    1                       0
     49 squad[332,22]                                    1                       0
     50 squad[332,23]                                    1                       0
     51 squad[332,24]                                    1                       0
     52 squad[332,25]                                    1                       0
     53 squad[332,26]                                    1                       0
     66 squad[307,21]                                    1                       0
     67 squad[307,22]                                    1                       0
     68 squad[307,23]                                    1                       0
     69 squad[307,24]                                    1                       0
     70 squad[307,25]                                    1                       0
     71 squad[307,26]                                    1                       0
     72 squad[16,21]                                     1                       0
     73 squad[16,22]                                     1                       0
     74 squad[16,23]                                     1                       0
     75 squad[16,24]                                     1                       0
     76 squad[16,25]                                     1                       0
     77 squad[16,26]                                     1                       0
     78 squad[133,21]                                    1                       0
     79 squad[133,22]                                    1                       0
     80 squad[133,23]                                    1                       0
     81 squad[133,24]                                    1                       0
     82 squad[133,25]                                    1                       0
     83 squad[133,26]                                    1                       0
     92 squad[11,23]                                     1                       0
     93 squad[11,24]                                     1                       0
     94 squad[11,25]                                     1                       0
     95 squad[11,26]                                     1                       0
    120 squad[357,21]                                    1                       0
    121 squad[357,22]                                    1                       0
    122 squad[357,23]                                    1                       0
    123 squad[357,24]                                    1                       0
    124 squad[357,25]                                    1                       0
    125 squad[357,26]                                    1                       0
    145 squad[124,22]                                    1                       0
    146 squad[124,23]                                    1                       0
    147 squad[124,24]                                    1                       0
    148 squad[124,25]                                    1                       0
    149 squad[124,26]                                    1                       0
    270 squad[210,21]                                    1                       0
    330 squad[358,21]                                    1                       0
    331 squad[358,22]                                    1                       0
    332 squad[358,23]                                    1                       0
    333 squad[358,24]                                    1                       0
    334 squad[358,25]                                    1                       0
    335 squad[358,26]                                    1                       0
    349 squad[619,22]                                    1                       0
    378 squad[160,21]                                    1                       0
    528 squad[346,21]                                    1                       0
    529 squad[346,22]                                    1                       0
    530 squad[346,23]                                    1                       0
    531 squad[346,24]                                    1                       0
    532 squad[346,25]                                    1                       0
    533 squad[346,26]                                    1                       0
    542 squad[596,23]                                    1                       0
    543 squad[596,24]                                    1                       0
    544 squad[596,25]                                    1                       0
    545 squad[596,26]                                    1                       0
    888 squad[345,21]                                    1                       0
    889 squad[345,22]                                    1                       0
   2022 squad[112,21]                                    1                       0
   2023 squad[112,22]                                    1                       0
   2024 squad[112,23]                                    1                       0
   2025 squad[112,24]                                    1                       0
   2026 squad[112,25]                                    1                       0
   2027 squad[112,26]                                    1                       0
   5588 lineup[318,22]                                   1               -5.850426
   5589 lineup[318,23]                                   1               -9.522868
   5590 lineup[318,24]                                   1               -4.076539
   5591 lineup[318,25]                                   1               -2.844585
   5592 lineup[318,26]                                   1                -2.87411
   5593 lineup[13,22]                                    1                -5.05725
   5594 lineup[13,23]                                    1               -6.698789
   5595 lineup[13,24]                                    1               -3.116762
   5596 lineup[13,25]                                    1               -3.035498
   5597 lineup[13,26]                                    1               -2.356759
   5600 lineup[283,24]                                   1               -3.537325
   5601 lineup[283,25]                                   1               -3.640844
   5602 lineup[283,26]                                   1               -2.281803
   5603 lineup[335,22]                                   1               -15.03752
   5604 lineup[335,23]                                   1               -3.540238
   5605 lineup[335,24]                                   1                -3.50552
   5606 lineup[335,25]                                   1               -1.852776
   5607 lineup[335,26]                                   1               -2.173805
   5618 lineup[301,22]                                   1               -4.550348
   5619 lineup[301,23]                                   1               -6.561603
   5628 lineup[332,22]                                   1               -9.983143
   5630 lineup[332,24]                                   1               -2.710927
   5631 lineup[332,25]                                   1               -2.325134
   5632 lineup[332,26]                                   1               -1.236809
   5644 lineup[307,23]                                   1                -6.34269
   5646 lineup[307,25]                                   1               -2.427668
   5649 lineup[16,23]                                    1               -6.275852
   5650 lineup[16,24]                                    1               -2.489239
   5651 lineup[16,25]                                    1               -1.852976
   5652 lineup[16,26]                                    1               -1.627381
   5653 lineup[133,22]                                   1               -4.751598
   5655 lineup[133,24]                                   1               -3.430917
   5657 lineup[133,26]                                   1               -2.120558
   5664 lineup[11,23]                                    1                -7.52904
   5665 lineup[11,24]                                    1               -2.951011
   5666 lineup[11,25]                                    1               -2.430772
   5667 lineup[11,26]                                    1               -1.404666
   5688 lineup[357,22]                                   1               -5.307162
   5689 lineup[357,23]                                   1               -4.482669
   5690 lineup[357,24]                                   1               -2.575554
   5691 lineup[357,25]                                   1               -2.138586
   5692 lineup[357,26]                                   1               -1.383104
   5708 lineup[124,22]                                   1               -5.736811
   5709 lineup[124,23]                                   1               -4.515096
   5710 lineup[124,24]                                   1               -3.508002
   5712 lineup[124,26]                                   1               -2.129241
   5863 lineup[358,22]                                   1               -4.355135
   5864 lineup[358,23]                                   1               -3.625606
   5866 lineup[358,25]                                   1               -2.049652
   5878 lineup[619,22]                                   1               -7.223958
   6039 lineup[596,23]                                   1                -4.41479
   6040 lineup[596,24]                                   1               -3.231138
   6041 lineup[596,25]                                   1               -2.129255
   6042 lineup[596,26]                                   1               -1.631038
   6328 lineup[345,22]                                   1               -7.098665
   8129 captain[318,23]                                  1               -9.522868
   8130 captain[318,24]                                  1               -4.076539
   8132 captain[318,26]                                  1                -2.87411
   8141 captain[283,25]                                  1               -3.640844
   8143 captain[335,22]                                  1               -15.03752
  10676 vicecap[13,25]                                   1              -0.3035498
  10677 vicecap[13,26]                                   1              -0.2356759
  10680 vicecap[283,24]                                  1              -0.3537325
  10708 vicecap[332,22]                                  1              -0.9983143
  10744 vicecap[11,23]                                   1               -0.752904
  13373 bench[332,23,1]                                  1              -0.7094658
  13428 bench[307,22,0]                                  1              -0.1050119
  13436 bench[307,24,0]                                  1             -0.08777142
  13444 bench[307,26,0]                                  1             -0.05317088
  13449 bench[16,22,1]                                   1              -0.8547722
  13472 bench[133,23,0]                                  1              -0.1112501
  13480 bench[133,25,0]                                  1             -0.06390145
  13701 bench[124,25,1]                                  1              -0.3675072
  14318 bench[358,24,2]                                  1                -0.10907
  14326 bench[358,26,2]                                  1             -0.06856856
  14970 bench[346,22,2]                                  1              -0.1642293
  14974 bench[346,23,2]                                  1              -0.1722469
  14977 bench[346,24,1]                                  1              -0.3953502
  14982 bench[346,25,2]                                  1             -0.08807795
  14985 bench[346,26,1]                                  1              -0.2563278
  19951 bench[112,22,3]                                  1            -0.004662269
  19955 bench[112,23,3]                                  1            -0.004865202
  19959 bench[112,24,3]                                  1            -0.002442375
  19963 bench[112,25,3]                                  1            -0.003277642
  19967 bench[112,26,3]                                  1            -0.001751273
  23380 transfer_in[283,24]                              1               4.2902778
  23444 transfer_in[11,23]                               1               3.3444923
  23488 transfer_in[124,22]                              1               3.5658075
  23658 transfer_in[619,22]                              1               3.4958898
  23819 transfer_in[596,23]                              1               2.2962186
  25938 tr_out_first[210,22]                             1              -4.8243279
  25975 tr_out_reg[301,24]                               1              -4.1897244
  26234 tr_out_reg[619,23]                               1              -2.4958898
  26258 tr_out_reg[160,22]                               1               -5.103999
  26684 tr_out_reg[345,23]                               1              -3.2446567
  28483 itb[21]                                        0.2                       0
  28484 itb[22]                                        4.3           5.5511151e-17
  28485 itb[23]                                        4.5                       0
  28486 itb[24]                                        4.2           2.7755576e-17
  28487 itb[25]                                        4.2           1.3877788e-17
  28488 itb[26]                                        4.2                       0
  28490 ft[22]                                           2                    -1.5
  28491 ft[23]                                           1                   -1.23
  28492 ft[24]                                           1                 -1.0086
  28493 ft[25]                                           1               -0.827052
  28494 ft[26]                                           2              -0.6781826
  28496 pt[23]                                           1                    3.28
  28504 aux[26]                                          1                       0
