Optimal (within gap tolerance) - objective value -269.04499528
      0 squad[318,21]                                    1                       0
      1 squad[318,22]                                    1                       0
      2 squad[318,23]                                    1                       0
      3 squad[318,24]                                    1                       0
      4 squad[318,25]                                    1                       0
      5 squad[318,26]                                    1                       0
      6 squad[13,21]                                     1                       0
      7 squad[13,22]                                     1                       0
      8 squad[13,23]                                     1                       0
      9 squad[13,24]                                     1                       0
     10 squad[13,25]                                     1                       0
     11 squad[13,26]                                     1                       0
     18 squad[335,21]                                    1                       0
     19 squad[335,22]                                    1                       0
     20 squad[335,23]                                    1                       0
     21 squad[335,24]                                    1                       0
     22 squad[335,25]                                    1                       0
     23 squad[335,26]                                    1                       0
     42 squad[301,21]                                    1                       0
     43 squad[301,22]                                    1                       0
     44 squad[301,23]                                    1                       0
     48 squad[332,21]                                    1                       0
     49 squad[332,22]                                    1                       0
     50 squad[332,23]                                    1                       0
     51 squad[332,24]                                    1                       0
     52 squad[332,25]                                    1                       0
     53 squad[332,26]                                    1                       0
     66 squad[16,21]                                     1                       0
     67 squad[16,22]                                     1                       0
     68 squad[16,23]                                     1                       0
     69 squad[16,24]                                     1                       0
     70 squad[16,25]                                     1                       0
     71 squad[16,26]                                     1                       0
     72 squad[307,21]                                    1                       0
     73 squad[307,22]                                    1                       0
     74 squad[307,23]                                    1                       0
     75 squad[307,24]                                    1                       0
     76 squad[307,25]                                    1                       0
     77 squad[307,26]                                    1                       0
     90 squad[133,21]                                    1                       0
     91 squad[133,22]                                    1                       0
     92 squad[133,23]                                    1                       0
     93 squad[133,24]                                    1                       0
     94 squad[133,25]                                    1                       0
     95 squad[133,26]                                    1                       0
    110 squad[124,23]                                    1                       0
    111 squad[124,24]                                    1                       0
    112 squad[124,25]                                    1                       0
    113 squad[124,26]                                    1                       0
    122 squad[10,23]                                     1                       0
    123 squad[10,24]                                     1                       0
    124 squad[10,25]                                     1                       0
    125 squad[10,26]                                     1                       0
    132 squad[357,21]                                    1                       0
    133 squad[357,22]                                    1                       0
    134 squad[357,23]                                    1                       0
    135 squad[357,24]                                    1                       0
    136 squad[357,25]                                    1                       0
    137 squad[357,26]                                    1                       0
    162 squad[210,21]                                    1                       0
    163 squad[210,22]                                    1                       0
    164 squad[210,23]                                    1                       0
    165 squad[210,24]                                    1                       0
    166 squad[210,25]                                    1                       0
    167 squad[210,26]                                    1                       0
    169 squad[593,22]                                    1                       0
    170 squad[593,23]                                    1                       0
    171 squad[593,24]                                    1                       0
    172 squad[593,25]                                    1                       0
    173 squad[593,26]                                    1                       0
    324 squad[358,21]                                    1                       0
    325 squad[358,22]                                    1                       0
    326 squad[358,23]                                    1                       0
    327 squad[358,24]                                    1                       0
    328 squad[358,25]                                    1                       0
    329 squad[358,26]                                    1                       0
    331 squad[619,22]                                    1                       0
    332 squad[619,23]                                    1                       0
    333 squad[619,24]                                    1                       0
    334 squad[619,25]                                    1                       0
    335 squad[619,26]                                    1                       0
    342 squad[160,21]                                    1                       0
    399 squad[116,24]                                    1                       0
    400 squad[116,25]                                    1                       0
    401 squad[116,26]                                    1                       0
    486 squad[346,21]                                    1                       0
    487 squad[346,22]                                    1                       0
    846 squad[345,21]                                    1                       0
   2022 squad[112,21]                                    1                       0
   2023 squad[112,22]                                    1                       0
   5533 lineup[318,22]                                   1               -6.493556
   5534 lineup[318,23]                                   1               -11.12804
   5535 lineup[318,24]                                   1               -5.302326
   5536 lineup[318,25]                                   1               -4.160775
   5537 lineup[318,26]                                   1               -3.148328
   5538 lineup[13,22]                                    1               -5.011674
   5539 lineup[13,23]                                    1               -6.085822
   5540 lineup[13,24]                                    1               -2.872054
   5541 lineup[13,25]                                    1               -2.331319
   5542 lineup[13,26]                                    1               -2.114199
   5548 lineup[335,22]                                   1               -10.46386
   5550 lineup[335,24]                                   1               -3.098854
   5551 lineup[335,25]                                   1               -3.728248
   5552 lineup[335,26]                                   1                -1.92636
   5568 lineup[301,22]                                   1               -5.183232
   5569 lineup[301,23]                                   1               -7.713688
   5573 lineup[332,22]                                   1               -9.806265
   5574 lineup[332,23]                                   1               -3.626679
   5575 lineup[332,24]                                   1               -3.170454
   5576 lineup[332,25]                                   1               -2.342061
   5588 lineup[16,22]                                    1               -4.222839
   5589 lineup[16,23]                                    1               -6.119466
   5590 lineup[16,24]                                    1                -2.49521
   5591 lineup[16,25]                                    1               -2.159854
   5592 lineup[16,26]                                    1               -2.249244
   5594 lineup[307,23]                                   1                -6.17144
   5596 lineup[307,25]                                   1               -2.314892
   5608 lineup[133,22]                                   1               -4.895872
   5610 lineup[133,24]                                   1               -3.469416
   5612 lineup[133,26]                                   1               -2.101882
   5624 lineup[124,23]                                   1               -4.229003
   5625 lineup[124,24]                                   1               -3.193368
   5626 lineup[124,25]                                   1               -2.159996
   5627 lineup[124,26]                                   1               -1.895617
   5634 lineup[10,23]                                    1               -6.350543
   5635 lineup[10,24]                                    1               -3.271075
   5636 lineup[10,25]                                    1               -1.970667
   5637 lineup[10,26]                                    1               -2.388703
   5643 lineup[357,22]                                   1               -5.115339
   5644 lineup[357,23]                                   1               -4.493261
   5645 lineup[357,24]                                   1               -2.610765
   5646 lineup[357,25]                                   1               -2.381375
   5647 lineup[357,26]                                   1               -1.461745
   5669 lineup[210,23]                                   1               -3.859249
   5670 lineup[210,24]                                   1               -2.474429
   5671 lineup[210,25]                                   1               -2.450841
   5672 lineup[210,26]                                   1               -1.764677
   5673 lineup[593,22]                                   1               -8.006645
   5676 lineup[593,25]                                   1               -2.698922
   5677 lineup[593,26]                                   1               -1.374111
   5803 lineup[358,22]                                   1               -4.157791
   5804 lineup[358,23]                                   1               -3.346106
   5808 lineup[619,22]                                   1               -6.393657
   5865 lineup[116,24]                                   1               -3.068986
   5867 lineup[116,26]                                   1               -2.112882
   8049 captain[318,23]                                  1               -11.12804
   8050 captain[318,24]                                  1               -5.302326
   8051 captain[318,25]                                  1               -4.160775
   8052 captain[318,26]                                  1               -3.148328
   8063 captain[335,22]                                  1               -10.46386
  10581 vicecap[335,25]                                  1              -0.3728248
  10599 vicecap[301,23]                                  1              -0.7713688
  10603 vicecap[332,22]                                  1              -0.9806265
  10640 vicecap[133,24]                                  1              -0.3469416
  10667 vicecap[10,26]                                   1              -0.2388703
  13143 bench[335,23,1]                                  1              -0.6534984
  13255 bench[332,26,1]                                  1              -0.2710248
  13318 bench[307,22,0]                                  1              -0.1047994
  13326 bench[307,24,0]                                  1             -0.08343764
  13334 bench[307,26,0]                                  1             -0.05124661
  13382 bench[133,23,0]                                  1              -0.1039788
  13390 bench[133,25,0]                                  1             -0.06090388
  13619 bench[210,22,1]                                  1              -0.8682328
  13644 bench[593,23,2]                                  1              -0.1741965
  13648 bench[593,24,2]                                  1              -0.1120733
  14169 bench[358,24,3]                                  1            -0.005414829
  14171 bench[358,25,1]                                  1              -0.3665511
  14177 bench[358,26,3]                                  1            -0.003567668
  14185 bench[619,23,3]                                  1            -0.007342852
  14187 bench[619,24,1]                                  1              -0.4621817
  14193 bench[619,25,3]                                  1            -0.003359393
  14196 bench[619,26,2]                                  1             -0.07376308
  14412 bench[116,25,2]                                  1             -0.09330316
  14700 bench[346,22,2]                                  1              -0.2028207
  19821 bench[112,22,3]                                  1            -0.003101017
  23229 transfer_in[124,23]                              1               2.5458075
  23239 transfer_in[10,23]                               1               2.3461364
  23278 transfer_in[593,22]                              1                3.425972
  23413 transfer_in[619,22]                              1               3.4958898
  23470 transfer_in[116,24]                              1               1.8099609
  25725 tr_out_reg[301,24]                               1              -4.1897244
  25973 tr_out_reg[160,22]                               1               -5.103999
  26094 tr_out_reg[346,23]                               1              -2.2463008
  26393 tr_out_reg[345,22]                               1              -4.5446567
  27374 tr_out_reg[112,23]                               1              -2.5458075
  28203 itb[21]                                        0.2                       0
  28204 itb[22]                                        4.1           5.5511151e-17
  28205 itb[23]                                        3.9                       0
  28206 itb[24]                                         11           2.7755576e-17
  28207 itb[25]                                         11           1.3877788e-17
  28208 itb[26]                                         11                       0
  28210 ft[22]                                           2                    -1.5
  28211 ft[23]                                           1                   -1.23
  28212 ft[24]                                           1                 -1.0086
  28213 ft[25]                                           1               -0.827052
  28214 ft[26]                                           2              -0.6781826
  28216 pt[23]                                           1                    3.28
  28224 aux[26]                                          1                       0
