Optimal (within gap tolerance) - objective value -237.47721740
      1 squad[283,22]                                    1                       0
      2 squad[283,23]                                    1                       0
      3 squad[283,24]                                    1                       0
      4 squad[283,25]                                    1                       0
      5 squad[318,21]                                    1                       0
      6 squad[318,22]                                    1                       0
      7 squad[318,23]                                    1                       0
      8 squad[318,24]                                    1                       0
      9 squad[318,25]                                    1                       0
     10 squad[301,21]                                    1                       0
     20 squad[13,21]                                     1                       0
     22 squad[13,23]                                     1                       0
     23 squad[13,24]                                     1                       0
     24 squad[13,25]                                     1                       0
     26 squad[7,22]                                      1                       0
     27 squad[7,23]                                      1                       0
     28 squad[7,24]                                      1                       0
     29 squad[7,25]                                      1                       0
     30 squad[307,21]                                    1                       0
     31 squad[307,22]                                    1                       0
     32 squad[307,23]                                    1                       0
     33 squad[307,24]                                    1                       0
     34 squad[307,25]                                    1                       0
     35 squad[335,21]                                    1                       0
     36 squad[335,22]                                    1                       0
     37 squad[335,23]                                    1                       0
     38 squad[335,24]                                    1                       0
     46 squad[11,22]                                     1                       0
     47 squad[11,23]                                     1                       0
     48 squad[11,24]                                     1                       0
     49 squad[11,25]                                     1                       0
     55 squad[332,21]                                    1                       0
     56 squad[332,22]                                    1                       0
     57 squad[332,23]                                    1                       0
     58 squad[332,24]                                    1                       0
     59 squad[332,25]                                    1                       0
     90 squad[16,21]                                     1                       0
     95 squad[357,21]                                    1                       0
    100 squad[210,21]                                    1                       0
    115 squad[160,21]                                    1                       0
    119 squad[160,25]                                    1                       0
    121 squad[238,22]                                    1                       0
    122 squad[238,23]                                    1                       0
    123 squad[238,24]                                    1                       0
    124 squad[238,25]                                    1                       0
    145 squad[133,21]                                    1                       0
    156 squad[225,22]                                    1                       0
    166 squad[377,22]                                    1                       0
    167 squad[377,23]                                    1                       0
    168 squad[377,24]                                    1                       0
    169 squad[377,25]                                    1                       0
    186 squad[107,22]                                    1                       0
    187 squad[107,23]                                    1                       0
    188 squad[107,24]                                    1                       0
    189 squad[107,25]                                    1                       0
    206 squad[342,22]                                    1                       0
    207 squad[342,23]                                    1                       0
    208 squad[342,24]                                    1                       0
    220 squad[358,21]                                    1                       0
    311 squad[221,22]                                    1                       0
    312 squad[221,23]                                    1                       0
    313 squad[221,24]                                    1                       0
    314 squad[221,25]                                    1                       0
    356 squad[108,22]                                    1                       0
    357 squad[108,23]                                    1                       0
    358 squad[108,24]                                    1                       0
    359 squad[108,25]                                    1                       0
    375 squad[346,21]                                    1                       0
    415 squad[345,21]                                    1                       0
    634 squad[461,25]                                    1                       0
   1705 squad[112,21]                                    1                       0
   2301 squad[697,22]                                    1                       0
   2302 squad[697,23]                                    1                       0
   2303 squad[697,24]                                    1                       0
   2304 squad[697,25]                                    1                       0
   4545 lineup[283,22]                                   1                   -7.22
   4546 lineup[283,23]                                   1                 -6.3304
   4547 lineup[283,24]                                   1                -4.30336
   4548 lineup[283,25]                                   1                -3.86509
   4549 lineup[318,22]                                   1                   -5.46
   4550 lineup[318,23]                                   1                 -9.0856
   4551 lineup[318,24]                                   1               -3.859576
   4552 lineup[318,25]                                   1               -3.214475
   4562 lineup[13,23]                                    1                 -8.1262
   4563 lineup[13,24]                                    1               -3.409068
   4564 lineup[13,25]                                    1               -2.718244
   4565 lineup[7,22]                                     1                   -5.22
   4566 lineup[7,23]                                     1                  -7.872
   4567 lineup[7,24]                                     1               -3.072868
   4568 lineup[7,25]                                     1               -2.630025
   4570 lineup[307,23]                                   1                 -6.5436
   4571 lineup[307,24]                                   1               -3.052696
   4572 lineup[307,25]                                   1               -2.530779
   4573 lineup[335,22]                                   1                   -9.23
   4574 lineup[335,23]                                   1                  -3.485
   4575 lineup[335,24]                                   1               -2.797184
   4581 lineup[11,22]                                    1                   -4.49
   4582 lineup[11,23]                                    1                  -6.929
   4583 lineup[11,24]                                    1               -2.642532
   4584 lineup[11,25]                                    1               -2.271636
   4589 lineup[332,22]                                   1                   -9.15
   4590 lineup[332,23]                                   1                 -3.1652
   4591 lineup[332,24]                                   1               -3.019076
   4592 lineup[332,25]                                   1               -2.117253
   4640 lineup[160,25]                                   1               -2.420506
   4641 lineup[238,22]                                   1                   -6.73
   4669 lineup[225,22]                                   1                   -7.57
   4678 lineup[377,23]                                   1                  -3.567
   4680 lineup[377,25]                                   1               -1.946329
   4694 lineup[107,23]                                   1                 -3.2062
   4695 lineup[107,24]                                   1               -2.669428
   4709 lineup[342,22]                                   1                   -7.69
   4711 lineup[342,24]                                   1               -2.548396
   4793 lineup[221,22]                                   1                   -5.72
   4796 lineup[221,25]                                   1               -1.973897
   4829 lineup[108,22]                                   1                   -4.63
   4830 lineup[108,23]                                   1                 -3.0668
   4831 lineup[108,24]                                   1               -2.669428
   5052 lineup[461,25]                                   1               -2.492183
   6567 captain[283,24]                                  1                -4.30336
   6568 captain[283,25]                                  1                -3.86509
   6570 captain[318,23]                                  1                 -9.0856
   6593 captain[335,22]                                  1                   -9.23
   8591 vicecap[318,24]                                  1               -0.385958
   8592 vicecap[318,25]                                  1               -0.321448
   8602 vicecap[13,23]                                   1                -0.81262
   8629 vicecap[332,22]                                  1                  -0.915
  10701 bench[307,22,0]                                  1                 -0.1083
  10993 bench[238,23,0]                                  1               -0.077982
  10997 bench[238,24,0]                                  1               -0.074233
  11001 bench[238,25,0]                                  1               -0.064345
  11134 bench[377,22,1]                                  1                 -0.9156
  11143 bench[377,24,2]                                  1               -0.125873
  11199 bench[107,22,2]                                  1                 -0.2508
  11210 bench[107,25,1]                                  1               -0.392519
  11266 bench[342,23,1]                                  1               -0.556206
  11603 bench[221,23,2]                                  1               -0.124476
  11606 bench[221,24,1]                                  1               -0.478682
  11755 bench[108,25,2]                                  1               -0.095276
  17968 bench[697,22,3]                                  1                       0
  17972 bench[697,23,3]                                  1                       0
  17976 bench[697,24,3]                                  1                       0
  17980 bench[697,25,3]                                  1                       0
  18685 transfer_in[283,22]                              1               7.7920512
  18702 transfer_in[13,23]                               1               3.3109074
  18705 transfer_in[7,22]                                1               4.1395272
  18721 transfer_in[11,22]                               1               4.0177764
  18780 transfer_in[160,25]                              1               0.8050002
  18781 transfer_in[238,22]                              1                2.739393
  18809 transfer_in[225,22]                              1               3.8960256
  18817 transfer_in[377,22]                              1                2.739393
  18833 transfer_in[107,22]                              1               3.1046454
  18849 transfer_in[342,22]                              1               2.8611438
  18933 transfer_in[221,22]                              1               2.6785176
  18969 transfer_in[108,22]                              1                2.739393
  19192 transfer_in[461,25]                              1               0.4852056
  20525 transfer_in[697,22]                              1                2.739393
  20705 tr_out_first[357,22]                             1              -3.5916486
  20709 tr_out_first[13,22]                              1               -4.870032
  20716 tr_out_first[335,25]                             1              -0.7608906
  20717 tr_out_first[210,22]                             1              -4.2004026
  20721 tr_out_first[133,22]                             1               -2.739393
  20729 tr_out_first[112,22]                             1              -3.1046454
  20741 tr_out_reg[301,22]                               1               -7.609425
  20805 tr_out_reg[16,22]                                1              -3.1655208
  20825 tr_out_reg[160,22]                               1              -4.4439042
  20858 tr_out_reg[225,23]                               1              -2.6160256
  20900 tr_out_reg[342,25]                               1              -0.5182878
  20909 tr_out_reg[358,22]                               1               -2.739393
  21033 tr_out_reg[346,22]                               1               -2.739393
  21065 tr_out_reg[345,22]                               1              -4.0177764
  22753 itb[21]                                        0.2                       0
  22754 itb[22]                                        6.4                       0
  22755 itb[23]                                        4.7                       0
  22756 itb[24]                                        4.7          -1.3877788e-17
  22757 itb[25]                                        4.6                       0
  22759 ft[22]                                           1                    -1.5
  22760 ft[23]                                           1                   -1.23
  22761 ft[24]                                           1                 -1.0086
  22762 ft[25]                                           2               -0.827052
  22770 aux[25]                                          1                       0
  22771 use_wc[22]                                       1                       0
