Optimal (within gap tolerance) - objective value -1603.99649250
      0 squad[308,5]                                     1                      0
      1 squad[308,6]                                     1                      0
      2 squad[308,7]                                     1                      0
      5 squad[308,10]                                    1                      0
      6 squad[308,11]                                    1                      0
      7 squad[308,12]                                    1                      0
      9 squad[308,14]                                    1                      0
     10 squad[308,15]                                    1                      0
     11 squad[308,16]                                    1                      0
     12 squad[308,17]                                    1                      0
     13 squad[308,18]                                    1                      0
     14 squad[308,19]                                    1                      0
     15 squad[308,20]                                    1                      0
     16 squad[308,21]                                    1                      0
     17 squad[308,22]                                    1                      0
     18 squad[308,23]                                    1                      0
     19 squad[308,24]                                    1                      0
     20 squad[308,25]                                    1                      0
     21 squad[308,26]                                    1                      0
     22 squad[355,5]                                     1                      0
     23 squad[355,6]                                     1                      0
     24 squad[355,7]                                     1                      0
     25 squad[355,8]                                     1                      0
     26 squad[355,9]                                     1                      0
     27 squad[355,10]                                    1                      0
     28 squad[355,11]                                    1                      0
     29 squad[355,12]                                    1                      0
     30 squad[355,13]                                    1                      0
     31 squad[355,14]                                    1                      0
     32 squad[355,15]                                    1                      0
     33 squad[355,16]                                    1                      0
     47 squad[516,8]                                     1                      0
     48 squad[516,9]                                     1                      0
     49 squad[516,10]                                    1                      0
     50 squad[516,11]                                    1                      0
     51 squad[516,12]                                    1                      0
     52 squad[516,13]                                    1                      0
     56 squad[516,17]                                    1                      0
     57 squad[516,18]                                    1                      0
     58 squad[516,19]                                    1                      0
     59 squad[516,20]                                    1                      0
     60 squad[516,21]                                    1                      0
     61 squad[516,22]                                    1                      0
     62 squad[516,23]                                    1                      0
     63 squad[516,24]                                    1                      0
     64 squad[516,25]                                    1                      0
     65 squad[516,26]                                    1                      0
     66 squad[19,5]                                      1                      0
     67 squad[19,6]                                      1                      0
     68 squad[19,7]                                      1                      0
     69 squad[19,8]                                      1                      0
     70 squad[19,9]                                      1                      0
     71 squad[19,10]                                     1                      0
     72 squad[19,11]                                     1                      0
     73 squad[19,12]                                     1                      0
     74 squad[19,13]                                     1                      0
     75 squad[19,14]                                     1                      0
     76 squad[19,15]                                     1                      0
     77 squad[19,16]                                     1                      0
     78 squad[19,17]                                     1                      0
     79 squad[19,18]                                     1                      0
     80 squad[19,19]                                     1                      0
     81 squad[19,20]                                     1                      0
     82 squad[19,21]                                     1                      0
     83 squad[19,22]                                     1                      0
     84 squad[19,23]                                     1                      0
     85 squad[19,24]                                     1                      0
     86 squad[19,25]                                     1                      0
     87 squad[19,26]                                     1                      0
     88 squad[108,5]                                     1                      0
     90 squad[108,7]                                     1                      0
     91 squad[108,8]                                     1                      0
     92 squad[108,9]                                     1                      0
     97 squad[108,14]                                    1                      0
     98 squad[108,15]                                    1                      0
     99 squad[108,16]                                    1                      0
    102 squad[108,19]                                    1                      0
    103 squad[108,20]                                    1                      0
    104 squad[108,21]                                    1                      0
    105 squad[108,22]                                    1                      0
    106 squad[108,23]                                    1                      0
    107 squad[108,24]                                    1                      0
    108 squad[108,25]                                    1                      0
    109 squad[108,26]                                    1                      0
    110 squad[373,5]                                     1                      0
    111 squad[373,6]                                     1                      0
    112 squad[373,7]                                     1                      0
    113 squad[373,8]                                     1                      0
    114 squad[373,9]                                     1                      0
    140 squad[526,13]                                    1                      0
    159 squad[140,10]                                    1                      0
    160 squad[140,11]                                    1                      0
    161 squad[140,12]                                    1                      0
    162 squad[140,13]                                    1                      0
    163 squad[140,14]                                    1                      0
    164 squad[140,15]                                    1                      0
    165 squad[140,16]                                    1                      0
    170 squad[140,21]                                    1                      0
    171 squad[140,22]                                    1                      0
    172 squad[140,23]                                    1                      0
    173 squad[140,24]                                    1                      0
    174 squad[140,25]                                    1                      0
    175 squad[140,26]                                    1                      0
    179 squad[504,8]                                     1                      0
    180 squad[504,9]                                     1                      0
    188 squad[504,17]                                    1                      0
    189 squad[504,18]                                    1                      0
    225 squad[599,10]                                    1                      0
    233 squad[599,18]                                    1                      0
    234 squad[599,19]                                    1                      0
    235 squad[599,20]                                    1                      0
    254 squad[216,17]                                    1                      0
    270 squad[226,11]                                    1                      0
    271 squad[226,12]                                    1                      0
    272 squad[226,13]                                    1                      0
    273 squad[226,14]                                    1                      0
    274 squad[226,15]                                    1                      0
    286 squad[131,5]                                     1                      0
    287 squad[131,6]                                     1                      0
    288 squad[131,7]                                     1                      0
    289 squad[131,8]                                     1                      0
    290 squad[131,9]                                     1                      0
    291 squad[131,10]                                    1                      0
    292 squad[131,11]                                    1                      0
    293 squad[131,12]                                    1                      0
    294 squad[131,13]                                    1                      0
    295 squad[131,14]                                    1                      0
    296 squad[131,15]                                    1                      0
    297 squad[131,16]                                    1                      0
    298 squad[131,17]                                    1                      0
    299 squad[131,18]                                    1                      0
    300 squad[131,19]                                    1                      0
    301 squad[131,20]                                    1                      0
    302 squad[131,21]                                    1                      0
    303 squad[131,22]                                    1                      0
    304 squad[131,23]                                    1                      0
    305 squad[131,24]                                    1                      0
    306 squad[131,25]                                    1                      0
    307 squad[131,26]                                    1                      0
    309 squad[225,6]                                     1                      0
    310 squad[225,7]                                     1                      0
    311 squad[225,8]                                     1                      0
    312 squad[225,9]                                     1                      0
    313 squad[225,10]                                    1                      0
    314 squad[225,11]                                    1                      0
    315 squad[225,12]                                    1                      0
    316 squad[225,13]                                    1                      0
    317 squad[225,14]                                    1                      0
    318 squad[225,15]                                    1                      0
    319 squad[225,16]                                    1                      0
    320 squad[225,17]                                    1                      0
    321 squad[225,18]                                    1                      0
    322 squad[225,19]                                    1                      0
    323 squad[225,20]                                    1                      0
    324 squad[225,21]                                    1                      0
    325 squad[225,22]                                    1                      0
    326 squad[225,23]                                    1                      0
    327 squad[225,24]                                    1                      0
    328 squad[225,25]                                    1                      0
    329 squad[225,26]                                    1                      0
    363 squad[365,16]                                    1                      0
    374 squad[143,5]                                     1                      0
    375 squad[143,6]                                     1                      0
    376 squad[143,7]                                     1                      0
    410 squad[132,19]                                    1                      0
    411 squad[132,20]                                    1                      0
    412 squad[132,21]                                    1                      0
    413 squad[132,22]                                    1                      0
    414 squad[132,23]                                    1                      0
    415 squad[132,24]                                    1                      0
    416 squad[132,25]                                    1                      0
    417 squad[132,26]                                    1                      0
    532 squad[36,9]                                      1                      0
    533 squad[36,10]                                     1                      0
    534 squad[36,11]                                     1                      0
    535 squad[36,12]                                     1                      0
    540 squad[36,17]                                     1                      0
    541 squad[36,18]                                     1                      0
    542 squad[36,19]                                     1                      0
    543 squad[36,20]                                     1                      0
    544 squad[36,21]                                     1                      0
    545 squad[36,22]                                     1                      0
    546 squad[36,23]                                     1                      0
    547 squad[36,24]                                     1                      0
    548 squad[36,25]                                     1                      0
    549 squad[36,26]                                     1                      0
    551 squad[220,6]                                     1                      0
    552 squad[220,7]                                     1                      0
    553 squad[220,8]                                     1                      0
    554 squad[220,9]                                     1                      0
    555 squad[220,10]                                    1                      0
    556 squad[220,11]                                    1                      0
    557 squad[220,12]                                    1                      0
    558 squad[220,13]                                    1                      0
    559 squad[220,14]                                    1                      0
    560 squad[220,15]                                    1                      0
    561 squad[220,16]                                    1                      0
    567 squad[220,22]                                    1                      0
    568 squad[220,23]                                    1                      0
    569 squad[220,24]                                    1                      0
    570 squad[220,25]                                    1                      0
    571 squad[220,26]                                    1                      0
    584 squad[85,17]                                     1                      0
    585 squad[85,18]                                     1                      0
    613 squad[307,24]                                    1                      0
    614 squad[307,25]                                    1                      0
    615 squad[307,26]                                    1                      0
    646 squad[119,13]                                    1                      0
    647 squad[119,14]                                    1                      0
    648 squad[119,15]                                    1                      0
    649 squad[119,16]                                    1                      0
    672 squad[430,17]                                    1                      0
    673 squad[430,18]                                    1                      0
    674 squad[430,19]                                    1                      0
    678 squad[430,23]                                    1                      0
    682 squad[511,5]                                     1                      0
    684 squad[511,7]                                     1                      0
    685 squad[511,8]                                     1                      0
    686 squad[511,9]                                     1                      0
    708 squad[291,9]                                     1                      0
    709 squad[291,10]                                    1                      0
    710 squad[291,11]                                    1                      0
    711 squad[291,12]                                    1                      0
    712 squad[291,13]                                    1                      0
    713 squad[291,14]                                    1                      0
    723 squad[291,24]                                    1                      0
    724 squad[291,25]                                    1                      0
    725 squad[291,26]                                    1                      0
    744 squad[424,23]                                    1                      0
    826 squad[275,17]                                    1                      0
    827 squad[275,18]                                    1                      0
    828 squad[275,19]                                    1                      0
    895 squad[352,20]                                    1                      0
    896 squad[352,21]                                    1                      0
    897 squad[352,22]                                    1                      0
    917 squad[350,20]                                    1                      0
    918 squad[350,21]                                    1                      0
    919 squad[350,22]                                    1                      0
    958 squad[405,17]                                    1                      0
    959 squad[405,18]                                    1                      0
    960 squad[405,19]                                    1                      0
    961 squad[405,20]                                    1                      0
    962 squad[405,21]                                    1                      0
    963 squad[405,22]                                    1                      0
    964 squad[405,23]                                    1                      0
    965 squad[405,24]                                    1                      0
    966 squad[405,25]                                    1                      0
    967 squad[405,26]                                    1                      0
    998 squad[281,13]                                    1                      0
    999 squad[281,14]                                    1                      0
   1000 squad[281,15]                                    1                      0
   1001 squad[281,16]                                    1                      0
   1110 squad[569,15]                                    1                      0
   1111 squad[569,16]                                    1                      0
   1127 squad[524,10]                                    1                      0
   1128 squad[524,11]                                    1                      0
   1129 squad[524,12]                                    1                      0
   1130 squad[524,13]                                    1                      0
   1131 squad[524,14]                                    1                      0
   1132 squad[524,15]                                    1                      0
   1133 squad[524,16]                                    1                      0
   1134 squad[524,17]                                    1                      0
   1135 squad[524,18]                                    1                      0
   1136 squad[524,19]                                    1                      0
   1137 squad[524,20]                                    1                      0
   1138 squad[524,21]                                    1                      0
   1139 squad[524,22]                                    1                      0
   1140 squad[524,23]                                    1                      0
   1141 squad[524,24]                                    1                      0
   1142 squad[524,25]                                    1                      0
   1143 squad[524,26]                                    1                      0
   1408 squad[20,5]                                      1                      0
   1409 squad[20,6]                                      1                      0
   1545 squad[150,10]                                    1                      0
   1546 squad[150,11]                                    1                      0
   1547 squad[150,12]                                    1                      0
   1548 squad[150,13]                                    1                      0
   1549 squad[150,14]                                    1                      0
   1550 squad[150,15]                                    1                      0
   1551 squad[150,16]                                    1                      0
   1574 squad[203,17]                                    1                      0
   1575 squad[203,18]                                    1                      0
   1576 squad[203,19]                                    1                      0
   1577 squad[203,20]                                    1                      0
   1578 squad[203,21]                                    1                      0
   1606 squad[112,5]                                     1                      0
   1607 squad[112,6]                                     1                      0
   1608 squad[112,7]                                     1                      0
   1609 squad[112,8]                                     1                      0
   1610 squad[112,9]                                     1                      0
   1611 squad[112,10]                                    1                      0
   1612 squad[112,11]                                    1                      0
   1613 squad[112,12]                                    1                      0
   1614 squad[112,13]                                    1                      0
   1615 squad[112,14]                                    1                      0
   1616 squad[112,15]                                    1                      0
   1617 squad[112,16]                                    1                      0
   1936 squad[230,5]                                     1                      0
   1937 squad[230,6]                                     1                      0
   1938 squad[230,7]                                     1                      0
   1939 squad[230,8]                                     1                      0
   2400 squad[614,7]                                     1                      0
   2401 squad[614,8]                                     1                      0
   2402 squad[614,9]                                     1                      0
   3103 squad[315,6]                                     1                      0
   3104 squad[315,7]                                     1                      0
   3105 squad[315,8]                                     1                      0
   4598 squad[195,5]                                     1                      0
   6018 squad[340,17]                                    1                      0
   6019 squad[340,18]                                    1                      0
   6020 squad[340,19]                                    1                      0
   6021 squad[340,20]                                    1                      0
   6022 squad[340,21]                                    1                      0
   6023 squad[340,22]                                    1                      0
   6024 squad[340,23]                                    1                      0
   6025 squad[340,24]                                    1                      0
   6026 squad[340,25]                                    1                      0
   6027 squad[340,26]                                    1                      0
   6204 squad[82,5]                                      1                      0
   6292 squad[148,5]                                     1                      0
   6293 squad[148,6]                                     1                      0
   7547 squad[62,6]                                      1                      0
   7612 squad[538,5]                                     1                      0
   7613 squad[538,6]                                     1                      0
   7614 squad[538,7]                                     1                      0
   7615 squad[538,8]                                     1                      0
   7616 squad[538,9]                                     1                      0
   7617 squad[538,10]                                    1                      0
   7618 squad[538,11]                                    1                      0
   7619 squad[538,12]                                    1                      0
  16727 lineup[308,6]                                    1                 -6.941
  16728 lineup[308,7]                                    1               -6.72761
  16731 lineup[308,10]                                   1              -7.692145
  16732 lineup[308,11]                                   1              -8.666629
  16733 lineup[308,12]                                   1              -6.907312
  16735 lineup[308,14]                                   1              -8.175568
  16736 lineup[308,15]                                   1              -9.213205
  16737 lineup[308,16]                                   1              -6.909411
  16738 lineup[308,17]                                   1              -7.466053
  16739 lineup[308,18]                                   1              -6.797009
  16740 lineup[308,19]                                   1              -9.410893
  16741 lineup[308,20]                                   1              -7.001447
  16742 lineup[308,21]                                   1              -8.476234
  16743 lineup[308,22]                                   1              -7.583066
  16744 lineup[308,23]                                   1              -6.743429
  16745 lineup[308,24]                                   1              -10.18998
  16746 lineup[308,25]                                   1              -7.533767
  16747 lineup[308,26]                                   1             -10.435065
  16748 lineup[355,6]                                    1                 -7.476
  16749 lineup[355,7]                                    1               -7.71034
  16750 lineup[355,8]                                    1              -6.003289
  16751 lineup[355,9]                                    1              -6.587745
  16752 lineup[355,10]                                   1              -6.920017
  16753 lineup[355,11]                                   1               -8.20944
  16754 lineup[355,12]                                   1                -6.7173
  16755 lineup[355,13]                                   1               -6.76303
  16756 lineup[355,14]                                   1              -7.659045
  16757 lineup[355,15]                                   1              -7.568302
  16758 lineup[355,16]                                   1              -9.448938
  16771 lineup[516,8]                                    1              -8.126117
  16772 lineup[516,9]                                    1              -6.934956
  16773 lineup[516,10]                                   1              -6.052153
  16774 lineup[516,11]                                   1              -6.154715
  16775 lineup[516,12]                                   1              -6.876528
  16776 lineup[516,13]                                   1              -6.400648
  16780 lineup[516,17]                                   1              -7.309859
  16781 lineup[516,18]                                   1               -7.32887
  16782 lineup[516,19]                                   1              -6.066037
  16783 lineup[516,20]                                   1              -7.875048
  16784 lineup[516,21]                                   1               -6.74523
  16785 lineup[516,22]                                   1              -6.919387
  16786 lineup[516,23]                                   1              -7.361636
  16787 lineup[516,24]                                   1               -6.50465
  16788 lineup[516,25]                                   1              -8.154735
  16789 lineup[516,26]                                   1              -6.959964
  16790 lineup[19,6]                                     1                 -6.005
  16791 lineup[19,7]                                     1               -6.65186
  16792 lineup[19,8]                                     1              -5.067857
  16793 lineup[19,9]                                     1              -5.608959
  16794 lineup[19,10]                                    1               -7.23532
  16795 lineup[19,11]                                    1              -5.433722
  16796 lineup[19,12]                                    1              -7.045309
  16797 lineup[19,13]                                    1              -5.920331
  16798 lineup[19,14]                                    1               -7.20966
  16799 lineup[19,15]                                    1              -7.057551
  16800 lineup[19,16]                                    1              -6.268731
  16801 lineup[19,17]                                    1              -5.939818
  16802 lineup[19,18]                                    1              -5.825685
  16803 lineup[19,19]                                    1              -6.918469
  16804 lineup[19,20]                                    1              -7.473881
  16805 lineup[19,21]                                    1               -6.73362
  16806 lineup[19,22]                                    1              -7.209014
  16807 lineup[19,23]                                    1              -6.378664
  16808 lineup[19,24]                                    1              -6.991482
  16809 lineup[19,25]                                    1              -7.788678
  16810 lineup[19,26]                                    1              -6.578045
  16812 lineup[108,7]                                    1               -5.95294
  16813 lineup[108,8]                                    1              -5.272897
  16814 lineup[108,9]                                    1              -7.381076
  16819 lineup[108,14]                                   1              -7.787905
  16820 lineup[108,15]                                   1              -5.314217
  16821 lineup[108,16]                                   1              -8.037231
  16824 lineup[108,19]                                   1              -7.313387
  16825 lineup[108,20]                                   1               -5.96922
  16826 lineup[108,21]                                   1              -7.095842
  16827 lineup[108,22]                                   1              -6.270951
  16828 lineup[108,23]                                   1              -5.664528
  16829 lineup[108,24]                                   1                -7.2032
  16830 lineup[108,25]                                   1              -6.045377
  16831 lineup[108,26]                                   1              -6.643935
  16832 lineup[373,6]                                    1                 -5.809
  16833 lineup[373,7]                                    1               -5.04192
  16834 lineup[373,8]                                    1              -5.060716
  16835 lineup[373,9]                                    1              -6.150897
  16860 lineup[526,13]                                   1              -6.962447
  16878 lineup[140,10]                                   1              -5.758703
  16879 lineup[140,11]                                   1               -5.33808
  16880 lineup[140,12]                                   1              -6.894573
  16881 lineup[140,13]                                   1              -5.667307
  16882 lineup[140,14]                                   1              -5.066687
  16883 lineup[140,15]                                   1              -5.329528
  16884 lineup[140,16]                                   1              -6.925981
  16889 lineup[140,21]                                   1              -6.427124
  16890 lineup[140,22]                                   1              -7.175009
  16891 lineup[140,23]                                   1              -5.807829
  16892 lineup[140,24]                                   1              -5.861123
  16893 lineup[140,25]                                   1              -7.561554
  16894 lineup[140,26]                                   1              -6.459686
  16897 lineup[504,8]                                    1              -7.026449
  16898 lineup[504,9]                                    1              -5.919079
  16906 lineup[504,17]                                   1              -6.373813
  16907 lineup[504,18]                                   1              -6.283176
  16941 lineup[599,10]                                   1              -6.630729
  16949 lineup[599,18]                                   1              -7.153085
  16950 lineup[599,19]                                   1               -5.05541
  16951 lineup[599,20]                                   1              -7.298012
  16969 lineup[216,17]                                   1              -7.179326
  16984 lineup[226,11]                                   1              -5.641822
  16985 lineup[226,12]                                   1               -5.50292
  16986 lineup[226,13]                                   1              -5.760583
  16987 lineup[226,14]                                   1              -5.228032
  16988 lineup[226,15]                                   1              -6.094014
  17000 lineup[131,6]                                    1                 -5.594
  17001 lineup[131,7]                                    1               -4.19453
  17002 lineup[131,8]                                    1              -4.044696
  17004 lineup[131,10]                                   1              -5.675454
  17005 lineup[131,11]                                   1              -4.920829
  17006 lineup[131,12]                                   1              -6.612209
  17007 lineup[131,13]                                   1              -5.354244
  17008 lineup[131,14]                                   1              -4.409393
  17009 lineup[131,15]                                   1              -4.850494
  17010 lineup[131,16]                                   1              -6.837611
  17013 lineup[131,19]                                   1              -5.632424
  17014 lineup[131,20]                                   1              -5.157691
  17015 lineup[131,21]                                   1              -6.384168
  17016 lineup[131,22]                                   1              -6.347168
  17017 lineup[131,23]                                   1               -5.59347
  17018 lineup[131,24]                                   1              -5.322856
  17019 lineup[131,25]                                   1               -6.52258
  17020 lineup[131,26]                                   1              -6.525576
  17021 lineup[225,6]                                    1                 -5.027
  17022 lineup[225,7]                                    1               -4.47228
  17023 lineup[225,8]                                    1              -4.878118
  17024 lineup[225,9]                                    1              -4.418961
  17025 lineup[225,10]                                   1              -4.814875
  17026 lineup[225,11]                                   1              -5.532517
  17028 lineup[225,13]                                   1              -5.717698
  17030 lineup[225,15]                                   1               -5.37765
  17032 lineup[225,17]                                   1              -4.631139
  17033 lineup[225,18]                                   1              -5.274668
  17034 lineup[225,19]                                   1              -4.955258
  17035 lineup[225,20]                                   1              -5.179531
  17037 lineup[225,22]                                   1              -6.538299
  17038 lineup[225,23]                                   1              -5.399244
  17039 lineup[225,24]                                   1              -5.371898
  17040 lineup[225,25]                                   1              -5.577839
  17041 lineup[225,26]                                   1              -6.565843
  17073 lineup[365,16]                                   1              -6.711684
  17084 lineup[143,6]                                    1                 -5.109
  17085 lineup[143,7]                                    1               -4.40057
  17120 lineup[132,21]                                   1              -5.951127
  17121 lineup[132,22]                                   1              -6.922904
  17123 lineup[132,24]                                   1              -5.034585
  17124 lineup[132,25]                                   1              -7.317516
  17234 lineup[36,9]                                     1               -4.51993
  17235 lineup[36,10]                                    1              -6.653622
  17236 lineup[36,11]                                    1              -4.801014
  17237 lineup[36,12]                                    1              -5.091051
  17243 lineup[36,18]                                    1              -7.070827
  17244 lineup[36,19]                                    1              -4.160869
  17245 lineup[36,20]                                    1              -7.195709
  17246 lineup[36,21]                                    1              -5.004937
  17248 lineup[36,23]                                    1              -6.696057
  17251 lineup[36,26]                                    1              -6.207107
  17252 lineup[220,6]                                    1                 -5.125
  17254 lineup[220,8]                                    1               -5.50956
  17256 lineup[220,10]                                   1                -4.8232
  17257 lineup[220,11]                                   1               -5.23403
  17258 lineup[220,12]                                   1              -5.345815
  17259 lineup[220,13]                                   1               -5.36711
  17260 lineup[220,14]                                   1              -4.615135
  17261 lineup[220,15]                                   1              -5.809656
  17268 lineup[220,22]                                   1              -6.793921
  17270 lineup[220,24]                                   1              -5.257068
  17271 lineup[220,25]                                   1              -5.319304
  17272 lineup[220,26]                                   1              -7.036836
  17284 lineup[85,17]                                    1              -6.073698
  17285 lineup[85,18]                                    1              -5.150717
  17312 lineup[307,24]                                   1              -7.133824
  17314 lineup[307,26]                                   1              -7.460242
  17344 lineup[119,14]                                   1              -5.929723
  17346 lineup[119,16]                                   1              -6.098619
  17368 lineup[430,17]                                   1              -5.538178
  17369 lineup[430,18]                                   1              -5.321995
  17370 lineup[430,19]                                   1              -6.109285
  17374 lineup[430,23]                                   1              -6.948314
  17380 lineup[511,8]                                    1              -6.101218
  17381 lineup[511,9]                                    1              -4.966051
  17402 lineup[291,9]                                    1              -4.793991
  17403 lineup[291,10]                                   1              -5.247766
  17404 lineup[291,11]                                   1              -4.699066
  17407 lineup[291,14]                                   1              -5.100255
  17417 lineup[291,24]                                   1              -6.481923
  17419 lineup[291,26]                                   1              -6.792798
  17437 lineup[424,23]                                   1              -6.456828
  17516 lineup[275,18]                                   1               -5.57553
  17517 lineup[275,19]                                   1               -4.76292
  17581 lineup[352,20]                                   1              -6.303717
  17583 lineup[352,22]                                   1              -6.392899
  17602 lineup[350,20]                                   1              -6.397973
  17604 lineup[350,22]                                   1              -6.497258
  17641 lineup[405,17]                                   1              -5.245873
  17642 lineup[405,18]                                   1              -5.033527
  17643 lineup[405,19]                                   1              -5.758752
  17647 lineup[405,23]                                   1              -6.616709
  17649 lineup[405,25]                                   1              -5.860537
  17679 lineup[281,13]                                   1               -4.88036
  17681 lineup[281,15]                                   1              -5.176412
  17786 lineup[569,15]                                   1              -5.242034
  17787 lineup[569,16]                                   1              -5.032658
  17804 lineup[524,12]                                   1              -4.747118
  17805 lineup[524,13]                                   1              -4.535133
  17809 lineup[524,17]                                   1              -4.873239
  17813 lineup[524,21]                                   1              -4.916704
  17817 lineup[524,25]                                   1               -4.83002
  18071 lineup[20,6]                                     1                 -3.966
  18203 lineup[150,12]                                   1              -5.238602
  18207 lineup[150,16]                                   1              -5.345266
  18229 lineup[203,17]                                   1              -5.578342
  18232 lineup[203,20]                                   1               -5.00711
  18233 lineup[203,21]                                   1              -5.045571
  18260 lineup[112,6]                                    1                 -4.433
  18261 lineup[112,7]                                    1               -4.03495
  18263 lineup[112,9]                                    1              -5.215384
  18268 lineup[112,14]                                   1              -5.622192
  18270 lineup[112,16]                                   1              -4.714527
  18575 lineup[230,6]                                    1                 -3.833
  18577 lineup[230,8]                                    1              -4.108963
  19017 lineup[614,7]                                    1               -7.18413
  19689 lineup[315,7]                                    1               -7.21039
  22475 lineup[340,21]                                   1              -1.356012
  24900 captain[308,10]                                  1              -7.692145
  24901 captain[308,11]                                  1              -8.666629
  24904 captain[308,14]                                  1              -8.175568
  24905 captain[308,15]                                  1              -9.213205
  24907 captain[308,17]                                  1              -7.466053
  24909 captain[308,19]                                  1              -9.410893
  24911 captain[308,21]                                  1              -8.476234
  24914 captain[308,24]                                  1              -10.18998
  24916 captain[308,26]                                  1             -10.435065
  24917 captain[355,6]                                   1                 -7.476
  24918 captain[355,7]                                   1               -7.71034
  24927 captain[355,16]                                  1              -9.448938
  24940 captain[516,8]                                   1              -8.126117
  24950 captain[516,18]                                  1               -7.32887
  24954 captain[516,22]                                  1              -6.919387
  24957 captain[516,25]                                  1              -8.154735
  24965 captain[19,12]                                   1              -7.045309
  24983 captain[108,9]                                   1              -7.381076
  25029 captain[526,13]                                  1              -6.962447
  25120 captain[599,20]                                  1              -7.298012
  25543 captain[430,23]                                  1              -6.948314
  33065 vicecap[308,6]                                   1                -0.6941
  33071 vicecap[308,12]                                  1              -0.690731
  33081 vicecap[308,22]                                  1              -0.758307
  33091 vicecap[355,11]                                  1              -0.820944
  33093 vicecap[355,13]                                  1              -0.676303
  33095 vicecap[355,15]                                  1               -0.75683
  33110 vicecap[516,9]                                   1              -0.693496
  33118 vicecap[516,17]                                  1              -0.730986
  33121 vicecap[516,20]                                  1              -0.787505
  33124 vicecap[516,23]                                  1              -0.736164
  33132 vicecap[19,10]                                   1              -0.723532
  33147 vicecap[19,25]                                   1              -0.778868
  33157 vicecap[108,14]                                  1              -0.778791
  33159 vicecap[108,16]                                  1              -0.803723
  33162 vicecap[108,19]                                  1              -0.731339
  33164 vicecap[108,21]                                  1              -0.709584
  33167 vicecap[108,24]                                  1               -0.72032
  33235 vicecap[504,8]                                   1              -0.702645
  33287 vicecap[599,18]                                  1              -0.715309
  33652 vicecap[307,26]                                  1              -0.746024
  36027 vicecap[315,7]                                   1              -0.721039
  42340 bench[131,9,2]                                   1              -0.183538
  42371 bench[131,17,1]                                  1              -0.856566
  42375 bench[131,18,1]                                  1              -0.982265
  42435 bench[225,12,1]                                  1              -1.059981
  42443 bench[225,14,1]                                  1              -1.026028
  42451 bench[225,16,1]                                  1              -1.027166
  42471 bench[225,21,1]                                  1              -1.049574
  42799 bench[132,19,1]                                  1              -1.013358
  42803 bench[132,20,1]                                  1              -1.017457
  42815 bench[132,23,1]                                  1              -1.046546
  42827 bench[132,26,1]                                  1              -1.132837
  43296 bench[36,17,2]                                   1              -0.242323
  43315 bench[36,22,1]                                   1               -0.86874
  43324 bench[36,24,2]                                   1              -0.288654
  43327 bench[36,25,1]                                   1               -1.10513
  43339 bench[220,7,1]                                   1              -0.799829
  43347 bench[220,9,1]                                   1              -0.752511
  43377 bench[220,16,3]                                  1              -0.012788
  43404 bench[220,23,2]                                  1              -0.259647
  43580 bench[307,25,2]                                  1              -0.250586
  43699 bench[119,13,1]                                  1              -0.910275
  43707 bench[119,15,1]                                  1              -0.929031
  43844 bench[511,7,2]                                   1              -0.211191
  43946 bench[291,12,0]                                  1              -0.121555
  43950 bench[291,13,0]                                  1              -0.091635
  43998 bench[291,25,0]                                  1              -0.121379
  44386 bench[275,17,0]                                  1              -0.111087
  44654 bench[352,21,0]                                  1              -0.112777
  44740 bench[350,21,2]                                  1               -0.20995
  44904 bench[405,20,2]                                  1              -0.188146
  44909 bench[405,21,3]                                  1              -0.008394
  44912 bench[405,22,2]                                  1              -0.229849
  44919 bench[405,24,1]                                  1              -1.021594
  44928 bench[405,26,2]                                  1              -0.207261
  45049 bench[281,14,3]                                  1              -0.009288
  45056 bench[281,16,2]                                  1              -0.277569
  45534 bench[524,10,0]                                  1              -0.131022
  45538 bench[524,11,0]                                  1              -0.105532
  45550 bench[524,14,0]                                  1              -0.125655
  45554 bench[524,15,0]                                  1               -0.11966
  45558 bench[524,16,0]                                  1              -0.130699
  45566 bench[524,18,0]                                  1              -0.124063
  45570 bench[524,19,0]                                  1              -0.110691
  45574 bench[524,20,0]                                  1               -0.12135
  45582 bench[524,22,0]                                  1              -0.156715
  45586 bench[524,23,0]                                  1              -0.120231
  45590 bench[524,24,0]                                  1              -0.125918
  45598 bench[524,26,0]                                  1              -0.133501
  47131 bench[150,10,1]                                  1              -0.898364
  47136 bench[150,11,2]                                  1              -0.222226
  47144 bench[150,13,2]                                  1              -0.235763
  47148 bench[150,14,2]                                  1              -0.197318
  47152 bench[150,15,2]                                  1               -0.22029
  47248 bench[203,18,2]                                  1              -0.263812
  47252 bench[203,19,2]                                  1              -0.249174
  47375 bench[112,8,1]                                   1              -0.681865
  47384 bench[112,10,2]                                  1              -0.205603
  47387 bench[112,11,1]                                  1              -0.898078
  47392 bench[112,12,2]                                  1              -0.177444
  47397 bench[112,13,3]                                  1              -0.010215
  47405 bench[112,15,3]                                  1              -0.009522
  48630 bench[230,7,0]                                   1              -0.092082
  50398 bench[614,8,0]                                   1              -0.100439
  50402 bench[614,9,0]                                   1              -0.101505
  53079 bench[315,6,1]                                   1               -0.67515
  53088 bench[315,8,2]                                   1              -0.169296
  64213 bench[340,17,3]                                  1              -0.003866
  64217 bench[340,18,3]                                  1              -0.002329
  64221 bench[340,19,3]                                  1              -0.003995
  64225 bench[340,20,3]                                  1               -0.00261
  64233 bench[340,22,3]                                  1              -0.002832
  64237 bench[340,23,3]                                  1              -0.002551
  64241 bench[340,24,3]                                  1              -0.004259
  64245 bench[340,25,3]                                  1              -0.003099
  64249 bench[340,26,3]                                  1              -0.002636
  65258 bench[148,6,0]                                   1               -0.02481
  70048 bench[62,6,2]                                    1               -0.01446
  70301 bench[538,6,3]                                   1              -0.000495
  70305 bench[538,7,3]                                   1              -0.001209
  70309 bench[538,8,3]                                   1              -0.000514
  70313 bench[538,9,3]                                   1              -0.000915
  70317 bench[538,10,3]                                  1              -0.000724
  70321 bench[538,11,3]                                  1              -0.000605
  70325 bench[538,12,3]                                  1              -0.000691
  73914 transfer_in[308,10]                              1              11.986737
  73918 transfer_in[308,14]                              1              9.3459375
  73954 transfer_in[516,8]                               1              9.6592769
  73963 transfer_in[516,17]                              1              5.3109147
  73995 transfer_in[108,7]                               1              7.6725171
  74002 transfer_in[108,14]                              1              5.1589575
  74007 transfer_in[108,19]                              1              3.2533017
  74043 transfer_in[526,13]                              1              5.6891022
  74061 transfer_in[140,10]                              1              6.2331035
  74072 transfer_in[140,21]                              1               2.321241
  74080 transfer_in[504,8]                               1              8.3855261
  74089 transfer_in[504,17]                              1              4.6105743
  74124 transfer_in[599,10]                              1              6.3289974
  74132 transfer_in[599,18]                              1              3.4837044
  74152 transfer_in[216,17]                              1              4.2020424
  74167 transfer_in[226,11]                              1              5.7135267
  74204 transfer_in[225,6]                               1              6.5069704
  74256 transfer_in[365,16]                              1              3.6414336
  74301 transfer_in[132,19]                              1               2.828958
  74417 transfer_in[36,9]                                1              4.7491338
  74425 transfer_in[36,17]                               1              2.7429999
  74435 transfer_in[220,6]                               1              5.3450114
  74451 transfer_in[220,22]                              1              1.3757036
  74467 transfer_in[85,17]                               1              3.7935105
  74495 transfer_in[307,24]                              1               1.177943
  74526 transfer_in[119,13]                              1              4.8878202
  74551 transfer_in[430,17]                              1              3.7935105
  74557 transfer_in[430,23]                              1              1.5628405
  74562 transfer_in[511,7]                               1              5.3374032
  74585 transfer_in[291,9]                               1               5.557497
  74600 transfer_in[291,24]                              1               0.996721
  74620 transfer_in[424,23]                              1              1.3224035
  74698 transfer_in[275,17]                              1              2.6846382
  74764 transfer_in[352,20]                              1              2.3216928
  74785 transfer_in[350,20]                              1               2.280234
  74824 transfer_in[405,17]                              1              2.6262765
  74862 transfer_in[281,13]                              1               3.605769
  74969 transfer_in[569,15]                              1                3.46766
  74985 transfer_in[524,10]                              1              3.9316499
  75384 transfer_in[150,10]                              1               3.835756
  75412 transfer_in[203,17]                              1              2.4511914
  76200 transfer_in[614,7]                               1              5.0038155
  76871 transfer_in[315,6]                               1               4.647836
  79654 transfer_in[340,17]                              1              2.5679148
  81113 transfer_in[62,6]                                1              5.6935991
  82100 tr_out_first[195,6]                              1             -6.6231663
  82122 tr_out_first[20,7]                               1             -5.6709909
  82142 tr_out_first[108,6]                              1             -7.7851253
  82195 tr_out_first[355,17]                             1              -8.170638
  82205 tr_out_first[511,6]                              1             -5.4612073
  82228 tr_out_reg[308,8]                                1             -13.268237
  82233 tr_out_reg[308,13]                               1             -10.016025
  82276 tr_out_reg[516,14]                               1             -6.8038425
  82314 tr_out_reg[108,10]                               1             -6.6166791
  82321 tr_out_reg[108,17]                               1             -4.0269573
  82335 tr_out_reg[373,10]                               1             -8.0550876
  82360 tr_out_reg[526,14]                               1             -5.3084925
  82384 tr_out_reg[140,17]                               1             -3.7935105
  82398 tr_out_reg[504,10]                               1             -7.5756181
  82407 tr_out_reg[504,19]                               1             -3.7247947
  82441 tr_out_reg[599,11]                               1             -5.9855994
  82451 tr_out_reg[599,21]                               1             -2.3569524
  82469 tr_out_reg[216,18]                               1             -3.8004048
  82488 tr_out_reg[226,16]                               1             -4.0247424
  82573 tr_out_reg[365,17]                               1             -3.3266169
  82585 tr_out_reg[143,8]                                1             -6.8994835
  82737 tr_out_reg[36,13]                                1             -3.7660254
  82762 tr_out_reg[220,17]                               1             -2.6846382
  82785 tr_out_reg[85,19]                                1             -3.0647045
  82846 tr_out_reg[119,17]                               1             -3.5600637
  82870 tr_out_reg[430,20]                               1              -2.694822
  82874 tr_out_reg[430,24]                               1              -1.177943
  82881 tr_out_reg[511,10]                               1             -4.6029072
  82907 tr_out_reg[291,15]                               1              -3.814426
  82937 tr_out_reg[424,24]                               1              -0.996721
  83017 tr_out_reg[275,20]                               1             -1.9071048
  83083 tr_out_reg[352,23]                               1             -1.3464472
  83104 tr_out_reg[350,23]                               1             -1.3224035
  83182 tr_out_reg[281,17]                               1             -2.6262765
  83287 tr_out_reg[569,17]                               1              -2.918085
  83707 tr_out_reg[150,17]                               1              -2.334468
  83733 tr_out_reg[203,22]                               1             -1.2560772
  83770 tr_out_reg[112,17]                               1             -2.6262765
  84077 tr_out_reg[230,9]                                1              -4.547043
  84519 tr_out_reg[614,10]                               1             -4.3152255
  85190 tr_out_reg[315,9]                                1              -4.041816
  88148 tr_out_reg[82,6]                                 1             -5.2288155
  88233 tr_out_reg[148,7]                                1             -4.8926196
  89430 tr_out_reg[62,7]                                 1             -5.4485991
  89499 tr_out_reg[538,13]                               1             -3.5256408
  90395 itb[5]                                         0.5                      0
  90396 itb[6]                                           3                      0
  90397 itb[7]                                         1.2                      0
  90398 itb[8]                                         3.2                      0
  90399 itb[9]                                         1.5                      0
  90400 itb[10]                                        0.3                      0
  90401 itb[11]                                        0.6                      0
  90402 itb[12]                                        0.6                      0
  90403 itb[13]                                        4.5                      0
  90404 itb[14]                                        1.3                      0
  90405 itb[15]                                        1.8                      0
  90406 itb[16]                                        2.4                      0
  90407 itb[17]                                        4.6                      0
  90408 itb[18]                                        5.2                      0
  90409 itb[19]                                        6.7                      0
  90410 itb[20]                                        6.7                      0
  90411 itb[21]                                        6.8                      0
  90412 itb[22]                                        6.4                      0
  90413 itb[23]                                        5.5                      0
  90414 itb[24]                                        5.5                      0
  90415 itb[25]                                        5.5                      0
  90416 itb[26]                                        5.5                      0
  90418 ft[6]                                            2                   -1.5
  90419 ft[7]                                            1                 -1.515
  90420 ft[8]                                            1               -1.53015
  90421 ft[9]                                            1              -1.545452
  90422 ft[10]                                           1              -1.560906
  90423 ft[11]                                           1              -1.576515
  90424 ft[12]                                           1               -1.59228
  90425 ft[13]                                           2              -1.608203
  90426 ft[14]                                           1              -1.624285
  90427 ft[15]                                           1              -1.640528
  90428 ft[16]                                           1              -1.656933
  90429 ft[17]                                           1              -1.673503
  90430 ft[18]                                           1              -1.690238
  90431 ft[19]                                           1               -1.70714
  90432 ft[20]                                           1              -1.724211
  90433 ft[21]                                           1              -1.741453
  90434 ft[22]                                           1              -1.758868
  90435 ft[23]                                           1              -1.776457
  90436 ft[24]                                           1              -1.794221
  90437 ft[25]                                           1              -1.812163
  90438 ft[26]                                           2              -1.830285
  90439 pt[6]                                            2                      4
  90440 pt[7]                                            2                   4.04
  90441 pt[8]                                            1                 4.0804
  90442 pt[9]                                            1               4.121204
  90443 pt[10]                                           4               4.162416
  90446 pt[13]                                           1               4.288541
  90447 pt[14]                                           1               4.331427
  90452 pt[19]                                           1               4.552373
  90453 pt[20]                                           1               4.597897
  90456 pt[23]                                           1               4.737218
  90457 pt[24]                                           1                4.78459
  90467 aux[13]                                          1                      0
  90480 aux[26]                                          1                      0
  90492 use_wc[17]                                       1                      0
