Optimal (within gap tolerance) - objective value -1406.57589400
      0 squad[308,5]                                     1                      0
      1 squad[308,6]                                     1                      0
      4 squad[308,9]                                     1                      0
      5 squad[308,10]                                    1                      0
      6 squad[308,11]                                    1                      0
      7 squad[308,12]                                    1                      0
      8 squad[308,13]                                    1                      0
      9 squad[308,14]                                    1                      0
     10 squad[308,15]                                    1                      0
     11 squad[308,16]                                    1                      0
     12 squad[308,17]                                    1                      0
     13 squad[308,18]                                    1                      0
     14 squad[308,19]                                    1                      0
     15 squad[308,20]                                    1                      0
     16 squad[308,21]                                    1                      0
     17 squad[308,22]                                    1                      0
     18 squad[308,23]                                    1                      0
     19 squad[308,24]                                    1                      0
     20 squad[308,25]                                    1                      0
     21 squad[308,26]                                    1                      0
     22 squad[355,5]                                     1                      0
     23 squad[355,6]                                     1                      0
     24 squad[355,7]                                     1                      0
     25 squad[355,8]                                     1                      0
     26 squad[355,9]                                     1                      0
     27 squad[355,10]                                    1                      0
     28 squad[355,11]                                    1                      0
     29 squad[355,12]                                    1                      0
     30 squad[355,13]                                    1                      0
     31 squad[355,14]                                    1                      0
     32 squad[355,15]                                    1                      0
     33 squad[355,16]                                    1                      0
     34 squad[355,17]                                    1                      0
     45 squad[516,6]                                     1                      0
     46 squad[516,7]                                     1                      0
     47 squad[516,8]                                     1                      0
     48 squad[516,9]                                     1                      0
     51 squad[516,12]                                    1                      0
     52 squad[516,13]                                    1                      0
     53 squad[516,14]                                    1                      0
     54 squad[516,15]                                    1                      0
     55 squad[516,16]                                    1                      0
     56 squad[516,17]                                    1                      0
     57 squad[516,18]                                    1                      0
     58 squad[516,19]                                    1                      0
     59 squad[516,20]                                    1                      0
     60 squad[516,21]                                    1                      0
     61 squad[516,22]                                    1                      0
     62 squad[516,23]                                    1                      0
     63 squad[516,24]                                    1                      0
     64 squad[516,25]                                    1                      0
     65 squad[516,26]                                    1                      0
     66 squad[19,5]                                      1                      0
     71 squad[19,10]                                     1                      0
     72 squad[19,11]                                     1                      0
     73 squad[19,12]                                     1                      0
     74 squad[19,13]                                     1                      0
     75 squad[19,14]                                     1                      0
     76 squad[19,15]                                     1                      0
     77 squad[19,16]                                     1                      0
     78 squad[19,17]                                     1                      0
     79 squad[19,18]                                     1                      0
     80 squad[19,19]                                     1                      0
     81 squad[19,20]                                     1                      0
     82 squad[19,21]                                     1                      0
     83 squad[19,22]                                     1                      0
     84 squad[19,23]                                     1                      0
     85 squad[19,24]                                     1                      0
     86 squad[19,25]                                     1                      0
     87 squad[19,26]                                     1                      0
     88 squad[108,5]                                     1                      0
     90 squad[108,7]                                     1                      0
     91 squad[108,8]                                     1                      0
     92 squad[108,9]                                     1                      0
     97 squad[108,14]                                    1                      0
     98 squad[108,15]                                    1                      0
     99 squad[108,16]                                    1                      0
    100 squad[108,17]                                    1                      0
    102 squad[108,19]                                    1                      0
    103 squad[108,20]                                    1                      0
    104 squad[108,21]                                    1                      0
    105 squad[108,22]                                    1                      0
    106 squad[108,23]                                    1                      0
    107 squad[108,24]                                    1                      0
    108 squad[108,25]                                    1                      0
    109 squad[108,26]                                    1                      0
    110 squad[373,5]                                     1                      0
    111 squad[373,6]                                     1                      0
    112 squad[373,7]                                     1                      0
    113 squad[373,8]                                     1                      0
    114 squad[373,9]                                     1                      0
    140 squad[526,13]                                    1                      0
    159 squad[140,10]                                    1                      0
    160 squad[140,11]                                    1                      0
    161 squad[140,12]                                    1                      0
    165 squad[140,16]                                    1                      0
    170 squad[140,21]                                    1                      0
    171 squad[140,22]                                    1                      0
    172 squad[140,23]                                    1                      0
    173 squad[140,24]                                    1                      0
    174 squad[140,25]                                    1                      0
    175 squad[140,26]                                    1                      0
    179 squad[504,8]                                     1                      0
    180 squad[504,9]                                     1                      0
    225 squad[599,10]                                    1                      0
    226 squad[599,11]                                    1                      0
    233 squad[599,18]                                    1                      0
    234 squad[599,19]                                    1                      0
    235 squad[599,20]                                    1                      0
    254 squad[216,17]                                    1                      0
    255 squad[216,18]                                    1                      0
    270 squad[226,11]                                    1                      0
    271 squad[226,12]                                    1                      0
    272 squad[226,13]                                    1                      0
    273 squad[226,14]                                    1                      0
    274 squad[226,15]                                    1                      0
    286 squad[131,5]                                     1                      0
    288 squad[131,7]                                     1                      0
    289 squad[131,8]                                     1                      0
    291 squad[131,10]                                    1                      0
    292 squad[131,11]                                    1                      0
    293 squad[131,12]                                    1                      0
    294 squad[131,13]                                    1                      0
    295 squad[131,14]                                    1                      0
    296 squad[131,15]                                    1                      0
    297 squad[131,16]                                    1                      0
    298 squad[131,17]                                    1                      0
    299 squad[131,18]                                    1                      0
    300 squad[131,19]                                    1                      0
    301 squad[131,20]                                    1                      0
    302 squad[131,21]                                    1                      0
    303 squad[131,22]                                    1                      0
    304 squad[131,23]                                    1                      0
    305 squad[131,24]                                    1                      0
    306 squad[131,25]                                    1                      0
    307 squad[131,26]                                    1                      0
    309 squad[225,6]                                     1                      0
    310 squad[225,7]                                     1                      0
    311 squad[225,8]                                     1                      0
    312 squad[225,9]                                     1                      0
    313 squad[225,10]                                    1                      0
    314 squad[225,11]                                    1                      0
    315 squad[225,12]                                    1                      0
    316 squad[225,13]                                    1                      0
    317 squad[225,14]                                    1                      0
    318 squad[225,15]                                    1                      0
    319 squad[225,16]                                    1                      0
    320 squad[225,17]                                    1                      0
    321 squad[225,18]                                    1                      0
    322 squad[225,19]                                    1                      0
    323 squad[225,20]                                    1                      0
    324 squad[225,21]                                    1                      0
    325 squad[225,22]                                    1                      0
    326 squad[225,23]                                    1                      0
    327 squad[225,24]                                    1                      0
    328 squad[225,25]                                    1                      0
    329 squad[225,26]                                    1                      0
    344 squad[343,19]                                    1                      0
    345 squad[343,20]                                    1                      0
    374 squad[143,5]                                     1                      0
    375 squad[143,6]                                     1                      0
    376 squad[143,7]                                     1                      0
    412 squad[132,21]                                    1                      0
    413 squad[132,22]                                    1                      0
    414 squad[132,23]                                    1                      0
    415 squad[132,24]                                    1                      0
    416 squad[132,25]                                    1                      0
    417 squad[132,26]                                    1                      0
    467 squad[34,10]                                     1                      0
    533 squad[36,10]                                     1                      0
    534 squad[36,11]                                     1                      0
    535 squad[36,12]                                     1                      0
    536 squad[36,13]                                     1                      0
    537 squad[36,14]                                     1                      0
    541 squad[36,18]                                     1                      0
    542 squad[36,19]                                     1                      0
    543 squad[36,20]                                     1                      0
    544 squad[36,21]                                     1                      0
    545 squad[36,22]                                     1                      0
    546 squad[36,23]                                     1                      0
    547 squad[36,24]                                     1                      0
    548 squad[36,25]                                     1                      0
    549 squad[36,26]                                     1                      0
    551 squad[220,6]                                     1                      0
    552 squad[220,7]                                     1                      0
    553 squad[220,8]                                     1                      0
    554 squad[220,9]                                     1                      0
    555 squad[220,10]                                    1                      0
    556 squad[220,11]                                    1                      0
    557 squad[220,12]                                    1                      0
    558 squad[220,13]                                    1                      0
    559 squad[220,14]                                    1                      0
    560 squad[220,15]                                    1                      0
    567 squad[220,22]                                    1                      0
    568 squad[220,23]                                    1                      0
    569 squad[220,24]                                    1                      0
    570 squad[220,25]                                    1                      0
    571 squad[220,26]                                    1                      0
    682 squad[511,5]                                     1                      0
    683 squad[511,6]                                     1                      0
    684 squad[511,7]                                     1                      0
    685 squad[511,8]                                     1                      0
    686 squad[511,9]                                     1                      0
    695 squad[511,18]                                    1                      0
    696 squad[511,19]                                    1                      0
    697 squad[511,20]                                    1                      0
    698 squad[511,21]                                    1                      0
    709 squad[291,10]                                    1                      0
    710 squad[291,11]                                    1                      0
    723 squad[291,24]                                    1                      0
    724 squad[291,25]                                    1                      0
    725 squad[291,26]                                    1                      0
    744 squad[424,23]                                    1                      0
    753 squad[544,10]                                    1                      0
    754 squad[544,11]                                    1                      0
    755 squad[544,12]                                    1                      0
    756 squad[544,13]                                    1                      0
    757 squad[544,14]                                    1                      0
    758 squad[544,15]                                    1                      0
    759 squad[544,16]                                    1                      0
    760 squad[544,17]                                    1                      0
    821 squad[275,12]                                    1                      0
    822 squad[275,13]                                    1                      0
    823 squad[275,14]                                    1                      0
    824 squad[275,15]                                    1                      0
    825 squad[275,16]                                    1                      0
    826 squad[275,17]                                    1                      0
    827 squad[275,18]                                    1                      0
    828 squad[275,19]                                    1                      0
    895 squad[352,20]                                    1                      0
    896 squad[352,21]                                    1                      0
    897 squad[352,22]                                    1                      0
    957 squad[405,16]                                    1                      0
    958 squad[405,17]                                    1                      0
    959 squad[405,18]                                    1                      0
    960 squad[405,19]                                    1                      0
    961 squad[405,20]                                    1                      0
    962 squad[405,21]                                    1                      0
    963 squad[405,22]                                    1                      0
    964 squad[405,23]                                    1                      0
    965 squad[405,24]                                    1                      0
    966 squad[405,25]                                    1                      0
    967 squad[405,26]                                    1                      0
   1000 squad[281,15]                                    1                      0
   1001 squad[281,16]                                    1                      0
   1002 squad[281,17]                                    1                      0
   1003 squad[281,18]                                    1                      0
   1004 squad[281,19]                                    1                      0
   1005 squad[281,20]                                    1                      0
   1006 squad[281,21]                                    1                      0
   1007 squad[281,22]                                    1                      0
   1008 squad[281,23]                                    1                      0
   1009 squad[281,24]                                    1                      0
   1010 squad[281,25]                                    1                      0
   1011 squad[281,26]                                    1                      0
   1127 squad[524,10]                                    1                      0
   1128 squad[524,11]                                    1                      0
   1129 squad[524,12]                                    1                      0
   1130 squad[524,13]                                    1                      0
   1131 squad[524,14]                                    1                      0
   1132 squad[524,15]                                    1                      0
   1133 squad[524,16]                                    1                      0
   1134 squad[524,17]                                    1                      0
   1135 squad[524,18]                                    1                      0
   1136 squad[524,19]                                    1                      0
   1137 squad[524,20]                                    1                      0
   1138 squad[524,21]                                    1                      0
   1139 squad[524,22]                                    1                      0
   1140 squad[524,23]                                    1                      0
   1141 squad[524,24]                                    1                      0
   1142 squad[524,25]                                    1                      0
   1143 squad[524,26]                                    1                      0
   1408 squad[20,5]                                      1                      0
   1409 squad[20,6]                                      1                      0
   1572 squad[203,15]                                    1                      0
   1573 squad[203,16]                                    1                      0
   1574 squad[203,17]                                    1                      0
   1606 squad[112,5]                                     1                      0
   1607 squad[112,6]                                     1                      0
   1608 squad[112,7]                                     1                      0
   1609 squad[112,8]                                     1                      0
   1610 squad[112,9]                                     1                      0
   1611 squad[112,10]                                    1                      0
   1612 squad[112,11]                                    1                      0
   1613 squad[112,12]                                    1                      0
   1614 squad[112,13]                                    1                      0
   1615 squad[112,14]                                    1                      0
   1936 squad[230,5]                                     1                      0
   1937 squad[230,6]                                     1                      0
   1938 squad[230,7]                                     1                      0
   1939 squad[230,8]                                     1                      0
   1940 squad[230,9]                                     1                      0
   2138 squad[439,9]                                     1                      0
   2400 squad[614,7]                                     1                      0
   2401 squad[614,8]                                     1                      0
   2402 squad[614,9]                                     1                      0
   3103 squad[315,6]                                     1                      0
   3104 squad[315,7]                                     1                      0
   3105 squad[315,8]                                     1                      0
   3106 squad[315,9]                                     1                      0
   4598 squad[195,5]                                     1                      0
   4995 squad[371,6]                                     1                      0
   4996 squad[371,7]                                     1                      0
   4997 squad[371,8]                                     1                      0
   6011 squad[340,10]                                    1                      0
   6012 squad[340,11]                                    1                      0
   6013 squad[340,12]                                    1                      0
   6014 squad[340,13]                                    1                      0
   6015 squad[340,14]                                    1                      0
   6016 squad[340,15]                                    1                      0
   6017 squad[340,16]                                    1                      0
   6018 squad[340,17]                                    1                      0
   6019 squad[340,18]                                    1                      0
   6023 squad[340,22]                                    1                      0
   6024 squad[340,23]                                    1                      0
   6025 squad[340,24]                                    1                      0
   6026 squad[340,25]                                    1                      0
   6027 squad[340,26]                                    1                      0
   6204 squad[82,5]                                      1                      0
   6292 squad[148,5]                                     1                      0
   6293 squad[148,6]                                     1                      0
   7612 squad[538,5]                                     1                      0
   7613 squad[538,6]                                     1                      0
   7614 squad[538,7]                                     1                      0
   7615 squad[538,8]                                     1                      0
   7616 squad[538,9]                                     1                      0
   7625 squad[538,18]                                    1                      0
   7626 squad[538,19]                                    1                      0
   7627 squad[538,20]                                    1                      0
   7628 squad[538,21]                                    1                      0
  16727 lineup[308,6]                                    1                 -6.941
  16730 lineup[308,9]                                    1                 -7.132
  16731 lineup[308,10]                                   1                 -7.392
  16732 lineup[308,11]                                   1                 -8.246
  16733 lineup[308,12]                                   1                 -6.507
  16734 lineup[308,13]                                   1                 -5.443
  16735 lineup[308,14]                                   1                  -7.55
  16736 lineup[308,15]                                   1                 -8.424
  16737 lineup[308,16]                                   1                 -6.255
  16738 lineup[308,17]                                   1                 -6.692
  16739 lineup[308,18]                                   1                 -6.032
  16740 lineup[308,19]                                   1                 -8.269
  16741 lineup[308,20]                                   1                 -6.091
  16742 lineup[308,21]                                   1                 -7.301
  16743 lineup[308,22]                                   1                 -6.467
  16744 lineup[308,23]                                   1                 -5.694
  16745 lineup[308,24]                                   1                 -8.519
  16746 lineup[308,25]                                   1                 -6.236
  16747 lineup[308,26]                                   1                 -8.552
  16748 lineup[355,6]                                    1                 -7.476
  16749 lineup[355,7]                                    1                 -7.634
  16750 lineup[355,8]                                    1                 -5.885
  16751 lineup[355,9]                                    1                 -6.394
  16752 lineup[355,10]                                   1                  -6.65
  16753 lineup[355,11]                                   1                 -7.811
  16754 lineup[355,12]                                   1                 -6.328
  16755 lineup[355,13]                                   1                 -6.308
  16756 lineup[355,14]                                   1                 -7.073
  16757 lineup[355,15]                                   1                  -6.92
  16758 lineup[355,16]                                   1                 -8.554
  16759 lineup[355,17]                                   1                  -6.62
  16769 lineup[516,6]                                    1                 -5.371
  16770 lineup[516,7]                                    1                 -5.503
  16771 lineup[516,8]                                    1                 -7.966
  16772 lineup[516,9]                                    1                 -6.731
  16775 lineup[516,12]                                   1                 -6.478
  16776 lineup[516,13]                                   1                  -5.97
  16777 lineup[516,14]                                   1                 -5.112
  16778 lineup[516,15]                                   1                 -6.218
  16779 lineup[516,16]                                   1                 -5.518
  16780 lineup[516,17]                                   1                 -6.552
  16781 lineup[516,18]                                   1                 -6.504
  16782 lineup[516,19]                                   1                  -5.33
  16783 lineup[516,20]                                   1                 -6.851
  16784 lineup[516,21]                                   1                  -5.81
  16785 lineup[516,22]                                   1                 -5.901
  16786 lineup[516,23]                                   1                 -6.216
  16787 lineup[516,24]                                   1                 -5.438
  16788 lineup[516,25]                                   1                  -6.75
  16789 lineup[516,26]                                   1                 -5.704
  16794 lineup[19,10]                                    1                 -6.953
  16795 lineup[19,11]                                    1                  -5.17
  16796 lineup[19,12]                                    1                 -6.637
  16797 lineup[19,13]                                    1                 -5.522
  16798 lineup[19,14]                                    1                 -6.658
  16799 lineup[19,15]                                    1                 -6.453
  16800 lineup[19,16]                                    1                 -5.675
  16801 lineup[19,17]                                    1                 -5.324
  16802 lineup[19,18]                                    1                  -5.17
  16803 lineup[19,19]                                    1                 -6.079
  16804 lineup[19,20]                                    1                 -6.502
  16805 lineup[19,21]                                    1                   -5.8
  16806 lineup[19,22]                                    1                 -6.148
  16807 lineup[19,23]                                    1                 -5.386
  16808 lineup[19,24]                                    1                 -5.845
  16809 lineup[19,25]                                    1                 -6.447
  16810 lineup[19,26]                                    1                 -5.391
  16812 lineup[108,7]                                    1                 -5.894
  16813 lineup[108,8]                                    1                 -5.169
  16814 lineup[108,9]                                    1                 -7.164
  16819 lineup[108,14]                                   1                 -7.192
  16820 lineup[108,15]                                   1                 -4.859
  16821 lineup[108,16]                                   1                 -7.276
  16822 lineup[108,17]                                   1                 -5.483
  16824 lineup[108,19]                                   1                 -6.426
  16825 lineup[108,20]                                   1                 -5.193
  16826 lineup[108,21]                                   1                 -6.112
  16827 lineup[108,22]                                   1                 -5.348
  16828 lineup[108,23]                                   1                 -4.783
  16829 lineup[108,24]                                   1                 -6.022
  16830 lineup[108,25]                                   1                 -5.004
  16831 lineup[108,26]                                   1                 -5.445
  16832 lineup[373,6]                                    1                 -5.809
  16833 lineup[373,7]                                    1                 -4.992
  16834 lineup[373,8]                                    1                 -4.961
  16835 lineup[373,9]                                    1                  -5.97
  16860 lineup[526,13]                                   1                 -6.494
  16878 lineup[140,10]                                   1                 -5.534
  16879 lineup[140,11]                                   1                 -5.079
  16880 lineup[140,12]                                   1                 -6.495
  16884 lineup[140,16]                                   1                  -6.27
  16889 lineup[140,21]                                   1                 -5.536
  16890 lineup[140,22]                                   1                 -6.119
  16891 lineup[140,23]                                   1                 -4.904
  16892 lineup[140,24]                                   1                   -4.9
  16893 lineup[140,25]                                   1                 -6.259
  16894 lineup[140,26]                                   1                 -5.294
  16897 lineup[504,8]                                    1                 -6.888
  16898 lineup[504,9]                                    1                 -5.745
  16941 lineup[599,10]                                   1                 -6.372
  16942 lineup[599,11]                                   1                 -5.117
  16949 lineup[599,18]                                   1                 -6.348
  16950 lineup[599,19]                                   1                 -4.442
  16951 lineup[599,20]                                   1                 -6.349
  16969 lineup[216,17]                                   1                 -6.435
  16970 lineup[216,18]                                   1                 -5.181
  16984 lineup[226,11]                                   1                 -5.368
  16985 lineup[226,12]                                   1                 -5.184
  16986 lineup[226,13]                                   1                 -5.373
  16987 lineup[226,14]                                   1                 -4.828
  16988 lineup[226,15]                                   1                 -5.572
  17001 lineup[131,7]                                    1                 -4.153
  17002 lineup[131,8]                                    1                 -3.965
  17004 lineup[131,10]                                   1                 -5.454
  17005 lineup[131,11]                                   1                 -4.682
  17006 lineup[131,12]                                   1                 -6.229
  17007 lineup[131,13]                                   1                 -4.994
  17009 lineup[131,15]                                   1                 -4.435
  17010 lineup[131,16]                                   1                  -6.19
  17013 lineup[131,19]                                   1                 -4.949
  17014 lineup[131,20]                                   1                 -4.487
  17015 lineup[131,21]                                   1                 -5.499
  17016 lineup[131,22]                                   1                 -5.413
  17017 lineup[131,23]                                   1                 -4.723
  17018 lineup[131,24]                                   1                  -4.45
  17019 lineup[131,25]                                   1                 -5.399
  17020 lineup[131,26]                                   1                 -5.348
  17021 lineup[225,6]                                    1                 -5.027
  17022 lineup[225,7]                                    1                 -4.428
  17023 lineup[225,8]                                    1                 -4.782
  17024 lineup[225,9]                                    1                 -4.289
  17026 lineup[225,11]                                   1                 -5.264
  17028 lineup[225,13]                                   1                 -5.333
  17029 lineup[225,14]                                   1                 -4.512
  17030 lineup[225,15]                                   1                 -4.917
  17032 lineup[225,17]                                   1                 -4.151
  17033 lineup[225,18]                                   1                 -4.681
  17034 lineup[225,19]                                   1                 -4.354
  17037 lineup[225,22]                                   1                 -5.576
  17038 lineup[225,23]                                   1                 -4.559
  17039 lineup[225,24]                                   1                 -4.491
  17040 lineup[225,25]                                   1                 -4.617
  17041 lineup[225,26]                                   1                 -5.381
  17055 lineup[343,19]                                   1                 -4.893
  17056 lineup[343,20]                                   1                 -5.922
  17084 lineup[143,6]                                    1                 -5.109
  17085 lineup[143,7]                                    1                 -4.357
  17120 lineup[132,21]                                   1                 -5.126
  17121 lineup[132,22]                                   1                 -5.904
  17123 lineup[132,24]                                   1                 -4.209
  17124 lineup[132,25]                                   1                 -6.057
  17172 lineup[34,10]                                    1                 -5.674
  17235 lineup[36,10]                                    1                 -6.394
  17236 lineup[36,11]                                    1                 -4.568
  17239 lineup[36,14]                                    1                   -4.5
  17243 lineup[36,18]                                    1                 -6.275
  17245 lineup[36,20]                                    1                  -6.26
  17246 lineup[36,21]                                    1                 -4.311
  17248 lineup[36,23]                                    1                 -5.654
  17251 lineup[36,26]                                    1                 -5.087
  17252 lineup[220,6]                                    1                 -5.125
  17254 lineup[220,8]                                    1                 -5.401
  17256 lineup[220,10]                                   1                 -4.635
  17257 lineup[220,11]                                   1                  -4.98
  17258 lineup[220,12]                                   1                 -5.036
  17259 lineup[220,13]                                   1                 -5.006
  17260 lineup[220,14]                                   1                 -4.262
  17261 lineup[220,15]                                   1                 -5.312
  17268 lineup[220,22]                                   1                 -5.794
  17270 lineup[220,24]                                   1                 -4.395
  17271 lineup[220,25]                                   1                 -4.403
  17272 lineup[220,26]                                   1                 -5.767
  17380 lineup[511,8]                                    1                 -5.981
  17381 lineup[511,9]                                    1                  -4.82
  17390 lineup[511,18]                                   1                 -4.956
  17392 lineup[511,20]                                   1                 -5.094
  17393 lineup[511,21]                                   1                 -3.596
  17403 lineup[291,10]                                   1                 -5.043
  17404 lineup[291,11]                                   1                 -4.471
  17417 lineup[291,24]                                   1                 -5.419
  17419 lineup[291,26]                                   1                 -5.567
  17437 lineup[424,23]                                   1                 -5.452
  17447 lineup[544,12]                                   1                  -4.95
  17448 lineup[544,13]                                   1                 -4.673
  17451 lineup[544,16]                                   1                 -4.213
  17452 lineup[544,17]                                   1                 -4.739
  17511 lineup[275,13]                                   1                 -4.486
  17513 lineup[275,15]                                   1                 -4.688
  17514 lineup[275,16]                                   1                 -4.217
  17516 lineup[275,18]                                   1                 -4.948
  17517 lineup[275,19]                                   1                 -4.185
  17581 lineup[352,20]                                   1                 -5.484
  17583 lineup[352,22]                                   1                 -5.452
  17641 lineup[405,17]                                   1                 -4.702
  17642 lineup[405,18]                                   1                 -4.467
  17643 lineup[405,19]                                   1                  -5.06
  17647 lineup[405,23]                                   1                 -5.587
  17649 lineup[405,25]                                   1                 -4.851
  17681 lineup[281,15]                                   1                 -4.733
  17682 lineup[281,16]                                   1                 -4.188
  17684 lineup[281,18]                                   1                 -5.049
  17685 lineup[281,19]                                   1                 -4.129
  17688 lineup[281,22]                                   1                 -4.369
  17690 lineup[281,24]                                   1                 -4.646
  17804 lineup[524,12]                                   1                 -4.472
  17806 lineup[524,14]                                   1                 -3.868
  17809 lineup[524,17]                                   1                 -4.368
  17813 lineup[524,21]                                   1                 -4.235
  17817 lineup[524,25]                                   1                 -3.998
  18071 lineup[20,6]                                     1                 -3.966
  18229 lineup[203,17]                                   1                     -5
  18260 lineup[112,6]                                    1                 -4.433
  18261 lineup[112,7]                                    1                 -3.995
  18263 lineup[112,9]                                    1                 -5.062
  18268 lineup[112,14]                                   1                 -5.192
  18575 lineup[230,6]                                    1                 -3.833
  18577 lineup[230,8]                                    1                 -4.028
  18767 lineup[439,9]                                    1                 -5.019
  19017 lineup[614,7]                                    1                 -7.113
  19019 lineup[614,9]                                    1                 -3.284
  19689 lineup[315,7]                                    1                 -7.139
  21494 lineup[371,6]                                    1                 -2.218
  21495 lineup[371,7]                                    1                 -1.528
  21496 lineup[371,8]                                    1                 -1.334
  22464 lineup[340,10]                                   1                 -0.852
  22466 lineup[340,12]                                   1                  -0.85
  22470 lineup[340,16]                                   1                 -0.686
  22477 lineup[340,23]                                   1                 -0.718
  22480 lineup[340,26]                                   1                  -0.72
  24007 lineup[538,20]                                   1                 -0.287
  24008 lineup[538,21]                                   1                 -0.384
  24900 captain[308,10]                                  1                 -7.392
  24901 captain[308,11]                                  1                 -8.246
  24904 captain[308,14]                                  1                  -7.55
  24905 captain[308,15]                                  1                 -8.424
  24907 captain[308,17]                                  1                 -6.692
  24909 captain[308,19]                                  1                 -8.269
  24911 captain[308,21]                                  1                 -7.301
  24914 captain[308,24]                                  1                 -8.519
  24916 captain[308,26]                                  1                 -8.552
  24917 captain[355,6]                                   1                 -7.476
  24918 captain[355,7]                                   1                 -7.634
  24927 captain[355,16]                                  1                 -8.554
  24940 captain[516,8]                                   1                 -7.966
  24950 captain[516,18]                                  1                 -6.504
  24955 captain[516,23]                                  1                 -6.216
  24957 captain[516,25]                                  1                  -6.75
  24965 captain[19,12]                                   1                 -6.637
  24973 captain[19,20]                                   1                 -6.502
  24983 captain[108,9]                                   1                 -7.164
  25029 captain[526,13]                                  1                 -6.494
  25059 captain[140,22]                                  1                 -6.119
  33065 vicecap[308,6]                                   1                -0.6941
  33068 vicecap[308,9]                                   1                -0.7132
  33071 vicecap[308,12]                                  1                -0.6507
  33081 vicecap[308,22]                                  1                -0.6467
  33091 vicecap[355,11]                                  1                -0.7811
  33093 vicecap[355,13]                                  1                -0.6308
  33095 vicecap[355,15]                                  1                 -0.692
  33097 vicecap[355,17]                                  1                 -0.662
  33121 vicecap[516,20]                                  1                -0.6851
  33132 vicecap[19,10]                                   1                -0.6953
  33147 vicecap[19,25]                                   1                -0.6447
  33157 vicecap[108,14]                                  1                -0.7192
  33159 vicecap[108,16]                                  1                -0.7276
  33162 vicecap[108,19]                                  1                -0.6426
  33164 vicecap[108,21]                                  1                -0.6112
  33167 vicecap[108,24]                                  1                -0.6022
  33235 vicecap[504,8]                                   1                -0.6888
  33287 vicecap[599,18]                                  1                -0.6348
  33358 vicecap[131,26]                                  1                -0.5348
  33985 vicecap[405,23]                                  1                -0.5587
  36027 vicecap[315,7]                                   1                -0.7139
  42359 bench[131,14,1]                                  1               -0.85512
  42371 bench[131,17,1]                                  1               -0.76776
  42375 bench[131,18,1]                                  1               -0.87171
  42427 bench[225,10,1]                                  1               -0.97167
  42436 bench[225,12,2]                                  1                -0.2853
  42451 bench[225,16,1]                                  1               -0.92988
  42467 bench[225,20,1]                                  1               -0.94626
  42471 bench[225,21,1]                                  1               -0.90405
  42816 bench[132,23,2]                                  1               -0.25248
  42827 bench[132,26,1]                                  1               -0.92841
  43275 bench[36,12,1]                                   1               -1.00716
  43279 bench[36,13,1]                                   1               -0.83937
  43304 bench[36,19,2]                                   1               -0.21936
  43315 bench[36,22,1]                                   1               -0.74088
  43324 bench[36,24,2]                                   1               -0.24132
  43327 bench[36,25,1]                                   1               -0.91476
  43339 bench[220,7,1]                                   1               -0.79191
  43347 bench[220,9,1]                                   1               -0.73038
  43405 bench[220,23,3]                                  1              -0.010962
  43840 bench[511,6,2]                                   1               -0.19062
  43844 bench[511,7,2]                                   1                -0.2091
  43893 bench[511,19,3]                                  1              -0.009837
  43998 bench[291,25,0]                                  1               -0.10047
  44108 bench[544,10,2]                                  1               -0.27312
  44112 bench[544,11,2]                                  1               -0.20748
  44124 bench[544,14,2]                                  1               -0.24318
  44128 bench[544,15,2]                                  1               -0.23022
  44366 bench[275,12,0]                                  1               -0.10902
  44374 bench[275,14,0]                                  1               -0.09819
  44386 bench[275,17,0]                                  1               -0.09957
  44654 bench[352,21,0]                                  1               -0.09714
  44889 bench[405,16,3]                                  1              -0.010521
  44905 bench[405,20,3]                                  1              -0.008184
  44909 bench[405,21,3]                                  1               -0.00723
  44912 bench[405,22,2]                                  1               -0.19602
  44919 bench[405,24,1]                                  1               -0.85407
  44929 bench[405,26,3]                                  1              -0.008493
  45060 bench[281,17,2]                                  1                -0.1746
  45072 bench[281,20,2]                                  1                -0.2055
  45076 bench[281,21,2]                                  1                -0.2055
  45083 bench[281,23,1]                                  1               -0.93849
  45092 bench[281,25,2]                                  1               -0.23196
  45096 bench[281,26,2]                                  1               -0.19716
  45534 bench[524,10,0]                                  1               -0.12591
  45538 bench[524,11,0]                                  1               -0.10041
  45546 bench[524,13,0]                                  1                -0.1269
  45554 bench[524,15,0]                                  1               -0.10941
  45558 bench[524,16,0]                                  1               -0.11832
  45566 bench[524,18,0]                                  1                -0.1101
  45570 bench[524,19,0]                                  1               -0.09726
  45574 bench[524,20,0]                                  1               -0.10557
  45582 bench[524,22,0]                                  1               -0.13365
  45586 bench[524,23,0]                                  1               -0.10152
  45590 bench[524,24,0]                                  1               -0.10527
  45598 bench[524,26,0]                                  1               -0.10941
  47237 bench[203,15,3]                                  1              -0.009441
  47240 bench[203,16,2]                                  1               -0.22782
  47375 bench[112,8,1]                                   1               -0.66843
  47385 bench[112,10,3]                                  1              -0.009879
  47387 bench[112,11,1]                                  1               -0.85449
  47393 bench[112,12,3]                                  1              -0.008358
  47396 bench[112,13,2]                                  1               -0.19056
  48630 bench[230,7,0]                                   1               -0.09117
  48638 bench[230,9,0]                                   1                -0.0834
  50398 bench[614,8,0]                                   1               -0.09846
  53079 bench[315,6,1]                                   1               -0.67515
  53088 bench[315,8,2]                                   1               -0.16596
  53092 bench[315,9,2]                                   1                -0.1755
  64189 bench[340,11,3]                                  1               -0.00207
  64197 bench[340,13,3]                                  1              -0.002346
  64201 bench[340,14,3]                                  1              -0.002355
  64203 bench[340,15,1]                                  1               -0.15036
  64213 bench[340,17,3]                                  1              -0.003465
  64216 bench[340,18,2]                                  1               -0.04134
  64233 bench[340,22,3]                                  1              -0.002415
  64241 bench[340,24,3]                                  1              -0.003561
  64245 bench[340,25,3]                                  1              -0.002565
  65258 bench[148,6,0]                                   1               -0.02481
  70301 bench[538,6,3]                                   1              -0.000495
  70305 bench[538,7,3]                                   1              -0.001197
  70309 bench[538,8,3]                                   1              -0.000504
  70313 bench[538,9,3]                                   1              -0.000888
  70349 bench[538,18,3]                                  1              -0.000918
  70351 bench[538,19,1]                                  1               -0.03234
  73913 transfer_in[308,9]                               1                  11.25
  73952 transfer_in[516,6]                               1                  9.555
  73958 transfer_in[516,12]                              1                  6.825
  73977 transfer_in[19,10]                               1                  7.395
  73995 transfer_in[108,7]                               1                    6.9
  74002 transfer_in[108,14]                              1                  4.485
  74007 transfer_in[108,19]                              1                   2.76
  74043 transfer_in[526,13]                              1                   4.97
  74061 transfer_in[140,10]                              1                   5.61
  74067 transfer_in[140,16]                              1                   3.63
  74072 transfer_in[140,21]                              1                   1.98
  74080 transfer_in[504,8]                               1                  7.505
  74124 transfer_in[599,10]                              1                   5.61
  74132 transfer_in[599,18]                              1                   2.97
  74152 transfer_in[216,17]                              1                    3.6
  74167 transfer_in[226,11]                              1                   5.04
  74184 transfer_in[131,7]                               1                    5.3
  74187 transfer_in[131,10]                              1                  4.505
  74204 transfer_in[225,6]                               1                   5.88
  74238 transfer_in[343,19]                              1                   2.72
  74303 transfer_in[132,21]                              1                    1.8
  74355 transfer_in[34,10]                               1                  4.675
  74418 transfer_in[36,10]                               1                  3.995
  74426 transfer_in[36,18]                               1                  2.115
  74435 transfer_in[220,6]                               1                   4.83
  74451 transfer_in[220,22]                              1                   1.15
  74573 transfer_in[511,18]                              1                  2.115
  74586 transfer_in[291,10]                              1                  4.675
  74600 transfer_in[291,24]                              1                  0.825
  74620 transfer_in[424,23]                              1                    1.1
  74628 transfer_in[544,10]                              1                  3.825
  74693 transfer_in[275,12]                              1                   3.45
  74764 transfer_in[352,20]                              1                   1.96
  74823 transfer_in[405,16]                              1                  2.475
  74864 transfer_in[281,15]                              1                    2.7
  74985 transfer_in[524,10]                              1                  3.485
  75410 transfer_in[203,15]                              1                   2.52
  75950 transfer_in[439,9]                               1                   4.05
  76200 transfer_in[614,7]                               1                    4.5
  76871 transfer_in[315,6]                               1                    4.2
  78677 transfer_in[371,6]                               1                   4.62
  79647 transfer_in[340,10]                              1                   3.74
  79659 transfer_in[340,22]                              1                    1.1
  81188 transfer_in[538,18]                              1                   1.98
  82079 tr_out_first[131,6]                              1                 -5.355
  82100 tr_out_first[195,6]                              1                 -5.985
  82122 tr_out_first[20,7]                               1                   -5.1
  82142 tr_out_first[108,6]                              1                 -7.035
  82163 tr_out_first[19,6]                               1                  -9.03
  82196 tr_out_first[355,18]                             1                   -6.3
  82206 tr_out_reg[308,7]                                1                  -12.5
  82251 tr_out_reg[516,10]                               1                 -7.735
  82293 tr_out_reg[108,10]                               1                 -5.865
  82301 tr_out_reg[108,18]                               1                 -3.105
  82314 tr_out_reg[373,10]                               1                  -7.14
  82339 tr_out_reg[526,14]                               1                 -4.615
  82359 tr_out_reg[140,13]                               1                  -4.62
  82363 tr_out_reg[140,17]                               1                   -3.3
  82377 tr_out_reg[504,10]                               1                 -6.715
  82421 tr_out_reg[599,12]                               1                  -4.95
  82430 tr_out_reg[599,21]                               1                  -1.98
  82449 tr_out_reg[216,19]                               1                  -2.88
  82467 tr_out_reg[226,16]                               1                 -3.465
  82481 tr_out_reg[131,9]                                1                  -4.77
  82535 tr_out_reg[343,21]                               1                  -2.04
  82564 tr_out_reg[143,8]                                1                 -6.175
  82651 tr_out_reg[34,11]                                1                   -4.4
  82718 tr_out_reg[36,15]                                1                  -2.82
  82740 tr_out_reg[220,16]                               1                  -2.53
  82860 tr_out_reg[511,10]                               1                 -3.995
  82872 tr_out_reg[511,22]                               1                 -1.175
  82883 tr_out_reg[291,12]                               1                 -4.125
  82916 tr_out_reg[424,24]                               1                 -0.825
  82931 tr_out_reg[544,18]                               1                 -2.025
  82996 tr_out_reg[275,20]                               1                  -1.61
  83062 tr_out_reg[352,23]                               1                  -1.12
  83708 tr_out_reg[203,18]                               1                  -1.89
  83747 tr_out_reg[112,15]                               1                   -2.7
  84057 tr_out_reg[230,10]                               1                 -3.825
  84246 tr_out_reg[439,10]                               1                 -3.825
  84498 tr_out_reg[614,10]                               1                 -3.825
  85170 tr_out_reg[315,10]                               1                   -3.4
  86975 tr_out_reg[371,9]                                1                  -3.96
  87951 tr_out_reg[340,19]                               1                  -1.76
  88127 tr_out_reg[82,6]                                 1                 -4.725
  88212 tr_out_reg[148,7]                                1                   -4.4
  89475 tr_out_reg[538,10]                               1                  -3.74
  89487 tr_out_reg[538,22]                               1                   -1.1
  90374 itb[5]                                         0.5                      0
  90375 itb[6]                                         3.4                      0
  90376 itb[7]                                         8.7                      0
  90377 itb[8]                                         7.3                      0
  90379 itb[10]                                          3                      0
  90380 itb[11]                                        2.2                      0
  90381 itb[12]                                        0.6                      0
  90382 itb[13]                                        0.1                      0
  90383 itb[14]                                        0.3                      0
  90384 itb[15]                                        0.8                      0
  90385 itb[16]                                        0.6                      0
  90387 itb[18]                                        9.2                      0
  90388 itb[19]                                        7.1                      0
  90389 itb[20]                                        6.1                      0
  90390 itb[21]                                        6.9                      0
  90391 itb[22]                                          7                      0
  90392 itb[23]                                        7.1                      0
  90393 itb[24]                                        7.1                      0
  90394 itb[25]                                        7.1                      0
  90395 itb[26]                                        7.1                      0
  90397 ft[6]                                            2                   -1.5
  90398 ft[7]                                            1                   -1.5
  90399 ft[8]                                            1                   -1.5
  90400 ft[9]                                            1                   -1.5
  90401 ft[10]                                           1                   -1.5
  90402 ft[11]                                           1                   -1.5
  90403 ft[12]                                           1                   -1.5
  90404 ft[13]                                           1                   -1.5
  90405 ft[14]                                           1                   -1.5
  90406 ft[15]                                           1                   -1.5
  90407 ft[16]                                           1                   -1.5
  90408 ft[17]                                           1                   -1.5
  90409 ft[18]                                           1                   -1.5
  90410 ft[19]                                           1                   -1.5
  90411 ft[20]                                           1                   -1.5
  90412 ft[21]                                           1                   -1.5
  90413 ft[22]                                           1                   -1.5
  90414 ft[23]                                           1                   -1.5
  90415 ft[24]                                           1                   -1.5
  90416 ft[25]                                           1                   -1.5
  90417 ft[26]                                           2                   -1.5
  90418 pt[6]                                            3                      4
  90419 pt[7]                                            2                      4
  90421 pt[9]                                            1                      4
  90424 pt[12]                                           1                      4
  90427 pt[15]                                           1                      4
  90428 pt[16]                                           1                      4
  90430 pt[18]                                           3                      4
  90431 pt[19]                                           1                      4
  90433 pt[21]                                           1                      4
  90434 pt[22]                                           1                      4
  90459 aux[26]                                          1                      0
  90464 use_wc[10]                                       1                      0
