Optimal (within gap tolerance) - objective value -325.54790400
      1 squad[308,1]                                    1                       0
      2 squad[308,2]                                    1                       0
      3 squad[308,3]                                    1                       0
      4 squad[308,4]                                    1                       0
      5 squad[308,5]                                    1                       0
      6 squad[308,6]                                    1                       0
      7 squad[308,7]                                    1                       0
      8 squad[308,8]                                    1                       0
     10 squad[355,1]                                    1                       0
     11 squad[355,2]                                    1                       0
     12 squad[355,3]                                    1                       0
     13 squad[355,4]                                    1                       0
     14 squad[355,5]                                    1                       0
     15 squad[355,6]                                    1                       0
     16 squad[355,7]                                    1                       0
     17 squad[355,8]                                    1                       0
     28 squad[373,1]                                    1                       0
     29 squad[373,2]                                    1                       0
     30 squad[373,3]                                    1                       0
     31 squad[373,4]                                    1                       0
     32 squad[373,5]                                    1                       0
     33 squad[373,6]                                    1                       0
     34 squad[373,7]                                    1                       0
     35 squad[373,8]                                    1                       0
     73 squad[108,1]                                    1                       0
     74 squad[108,2]                                    1                       0
     75 squad[108,3]                                    1                       0
     76 squad[108,4]                                    1                       0
     77 squad[108,5]                                    1                       0
     78 squad[108,6]                                    1                       0
     79 squad[108,7]                                    1                       0
     80 squad[108,8]                                    1                       0
     82 squad[430,1]                                    1                       0
     83 squad[430,2]                                    1                       0
     84 squad[430,3]                                    1                       0
     85 squad[430,4]                                    1                       0
     86 squad[430,5]                                    1                       0
     87 squad[430,6]                                    1                       0
     88 squad[430,7]                                    1                       0
     89 squad[430,8]                                    1                       0
     91 squad[143,1]                                    1                       0
     92 squad[143,2]                                    1                       0
     93 squad[143,3]                                    1                       0
     94 squad[143,4]                                    1                       0
     95 squad[143,5]                                    1                       0
     96 squad[143,6]                                    1                       0
     97 squad[143,7]                                    1                       0
     98 squad[143,8]                                    1                       0
    100 squad[134,1]                                    1                       0
    101 squad[134,2]                                    1                       0
    102 squad[134,3]                                    1                       0
    103 squad[134,4]                                    1                       0
    104 squad[134,5]                                    1                       0
    105 squad[134,6]                                    1                       0
    106 squad[134,7]                                    1                       0
    107 squad[134,8]                                    1                       0
    208 squad[206,1]                                    1                       0
    209 squad[206,2]                                    1                       0
    210 squad[206,3]                                    1                       0
    211 squad[206,4]                                    1                       0
    212 squad[206,5]                                    1                       0
    213 squad[206,6]                                    1                       0
    214 squad[206,7]                                    1                       0
    215 squad[206,8]                                    1                       0
    235 squad[17,1]                                     1                       0
    236 squad[17,2]                                     1                       0
    237 squad[17,3]                                     1                       0
    238 squad[17,4]                                     1                       0
    239 squad[17,5]                                     1                       0
    240 squad[17,6]                                     1                       0
    241 squad[17,7]                                     1                       0
    242 squad[17,8]                                     1                       0
    244 squad[131,1]                                    1                       0
    245 squad[131,2]                                    1                       0
    246 squad[131,3]                                    1                       0
    247 squad[131,4]                                    1                       0
    248 squad[131,5]                                    1                       0
    249 squad[131,6]                                    1                       0
    250 squad[131,7]                                    1                       0
    251 squad[131,8]                                    1                       0
    253 squad[5,1]                                      1                       0
    254 squad[5,2]                                      1                       0
    255 squad[5,3]                                      1                       0
    256 squad[5,4]                                      1                       0
    257 squad[5,5]                                      1                       0
    258 squad[5,6]                                      1                       0
    259 squad[5,7]                                      1                       0
    260 squad[5,8]                                      1                       0
    361 squad[20,1]                                     1                       0
    362 squad[20,2]                                     1                       0
    363 squad[20,3]                                     1                       0
    364 squad[20,4]                                     1                       0
    365 squad[20,5]                                     1                       0
    366 squad[20,6]                                     1                       0
    367 squad[20,7]                                     1                       0
    368 squad[20,8]                                     1                       0
   1099 squad[448,1]                                    1                       0
   1100 squad[448,2]                                    1                       0
   1101 squad[448,3]                                    1                       0
   1102 squad[448,4]                                    1                       0
   1103 squad[448,5]                                    1                       0
   1104 squad[448,6]                                    1                       0
   1105 squad[448,7]                                    1                       0
   1106 squad[448,8]                                    1                       0
   2503 squad[538,1]                                    1                       0
   2504 squad[538,2]                                    1                       0
   2505 squad[538,3]                                    1                       0
   2506 squad[538,4]                                    1                       0
   2507 squad[538,5]                                    1                       0
   2508 squad[538,6]                                    1                       0
   2509 squad[538,7]                                    1                       0
   2510 squad[538,8]                                    1                       0
   2629 squad[464,1]                                    1                       0
   2630 squad[464,2]                                    1                       0
   2631 squad[464,3]                                    1                       0
   2632 squad[464,4]                                    1                       0
   2633 squad[464,5]                                    1                       0
   2634 squad[464,6]                                    1                       0
   2635 squad[464,7]                                    1                       0
   2636 squad[464,8]                                    1                       0
   6375 lineup[308,1]                                   1                  -6.459
   6376 lineup[308,2]                                   1                -6.22115
   6377 lineup[308,3]                                   1               -3.896442
   6378 lineup[308,4]                                   1               -4.012079
   6379 lineup[308,5]                                   1               -3.714074
   6380 lineup[308,6]                                   1               -3.180036
   6381 lineup[308,7]                                   1               -2.485792
   6382 lineup[308,8]                                   1               -1.790423
   6383 lineup[355,1]                                   1                  -6.912
   6384 lineup[355,2]                                   1                  -4.267
   6385 lineup[355,3]                                   1               -5.553135
   6386 lineup[355,4]                                   1               -3.951894
   6387 lineup[355,5]                                   1               -3.249489
   6388 lineup[355,6]                                   1               -3.121467
   6389 lineup[355,7]                                   1               -2.550662
   6390 lineup[355,8]                                   1               -1.552234
   6399 lineup[373,1]                                   1                  -6.053
   6400 lineup[373,2]                                   1                 -4.5662
   6401 lineup[373,3]                                   1                -4.48528
   6402 lineup[373,4]                                   1               -2.922007
   6403 lineup[373,5]                                   1                -2.65388
   6404 lineup[373,6]                                   1               -2.670219
   6405 lineup[373,7]                                   1               -2.130895
   6406 lineup[373,8]                                   1               -1.756442
   6439 lineup[108,1]                                   1                  -5.141
   6440 lineup[108,2]                                   1                 -4.1718
   6441 lineup[108,3]                                   1               -3.671745
   6442 lineup[108,4]                                   1                -3.31996
   6443 lineup[108,5]                                   1               -2.165282
   6444 lineup[108,6]                                   1               -2.330784
   6445 lineup[108,7]                                   1               -1.966458
   6446 lineup[108,8]                                   1               -1.428492
   6447 lineup[430,1]                                   1                  -4.899
   6450 lineup[430,4]                                   1               -2.537564
   6451 lineup[430,5]                                   1               -2.753583
   6452 lineup[430,6]                                   1               -2.581034
   6453 lineup[430,7]                                   1               -2.461655
   6454 lineup[430,8]                                   1               -1.638149
   6455 lineup[143,1]                                   1                  -5.533
   6456 lineup[143,2]                                   1                -4.47865
   6457 lineup[143,3]                                   1               -3.741105
   6458 lineup[143,4]                                   1               -2.674514
   6459 lineup[143,5]                                   1               -2.405927
   6460 lineup[143,6]                                   1               -2.404439
   6461 lineup[143,7]                                   1               -1.793346
   6462 lineup[143,8]                                   1               -1.415027
   6463 lineup[134,1]                                   1                  -5.553
   6464 lineup[134,2]                                   1                -4.29165
   6465 lineup[134,3]                                   1               -3.631285
   6466 lineup[134,4]                                   1               -2.686797
   6467 lineup[134,5]                                   1               -2.215917
   6468 lineup[134,6]                                   1               -2.363618
   6469 lineup[134,7]                                   1               -1.672281
   6470 lineup[134,8]                                   1               -1.441956
   6560 lineup[206,2]                                   1                 -3.4476
   6561 lineup[206,3]                                   1               -3.889217
   6562 lineup[206,4]                                   1               -3.165814
   6563 lineup[206,5]                                   1               -2.299438
   6565 lineup[206,7]                                   1               -1.560645
   6566 lineup[206,8]                                   1               -1.454458
   6583 lineup[17,1]                                    1                   -5.25
   6585 lineup[17,3]                                    1               -3.412367
   6586 lineup[17,4]                                    1               -2.413511
   6587 lineup[17,5]                                    1                -2.14127
   6588 lineup[17,6]                                    1               -2.005104
   6589 lineup[17,7]                                    1               -1.593834
   6591 lineup[131,1]                                   1                  -5.615
   6592 lineup[131,2]                                   1                -3.79015
   6593 lineup[131,3]                                   1               -3.272925
   6596 lineup[131,6]                                   1               -2.297062
   6598 lineup[131,8]                                   1               -1.072651
   6599 lineup[5,1]                                     1                   -5.34
   6600 lineup[5,2]                                     1                 -3.1569
   6601 lineup[5,3]                                     1                 -3.3524
   6602 lineup[5,4]                                     1               -2.331218
   6603 lineup[5,5]                                     1               -2.107861
   6604 lineup[5,6]                                     1               -1.994012
   6605 lineup[5,7]                                     1               -1.587045
   6695 lineup[20,1]                                    1                   -5.19
   6696 lineup[20,2]                                    1                -3.02175
   6697 lineup[20,3]                                    1               -3.228852
   6698 lineup[20,4]                                    1               -2.207165
   6699 lineup[20,5]                                    1               -2.018598
   6700 lineup[20,6]                                    1               -1.904383
   6701 lineup[20,7]                                    1               -1.524061
   6702 lineup[20,8]                                    1               -0.772911
   7352 lineup[448,2]                                   1                -3.47735
   7358 lineup[448,8]                                   1                -0.98898
   9376 captain[308,2]                                  1                -6.22115
   9378 captain[308,4]                                  1               -4.012079
   9379 captain[308,5]                                  1               -3.714074
   9380 captain[308,6]                                  1               -3.180036
   9382 captain[308,8]                                  1               -1.790423
   9383 captain[355,1]                                  1                  -6.912
   9385 captain[355,3]                                  1               -5.553135
   9389 captain[355,7]                                  1               -2.550662
  12375 vicecap[308,1]                                  1                 -0.6459
  12381 vicecap[308,7]                                  1               -0.248579
  12386 vicecap[355,4]                                  1               -0.395189
  12387 vicecap[355,5]                                  1               -0.324949
  12388 vicecap[355,6]                                  1               -0.312147
  12400 vicecap[373,2]                                  1                -0.45662
  12401 vicecap[373,3]                                  1               -0.448528
  12406 vicecap[373,8]                                  1               -0.175644
  15668 bench[430,2,1]                                  1                -0.60333
  15672 bench[430,3,1]                                  1               -0.673962
  16112 bench[206,1,1]                                  1                 -0.7035
  16132 bench[206,6,1]                                  1               -0.360972
  16211 bench[17,2,0]                                   1               -0.098124
  16235 bench[17,8,0]                                   1               -0.028987
  16252 bench[131,4,1]                                  1               -0.429071
  16256 bench[131,5,1]                                  1               -0.359668
  16264 bench[131,7,1]                                  1               -0.267542
  16300 bench[5,8,1]                                    1               -0.173756
  19279 bench[448,1,0]                                  1                -0.07881
  19287 bench[448,3,0]                                  1                -0.06147
  19291 bench[448,4,0]                                  1               -0.054203
  19295 bench[448,5,0]                                  1               -0.061498
  19299 bench[448,6,0]                                  1               -0.031973
  19303 bench[448,7,0]                                  1               -0.035901
  24273 bench[538,1,2]                                  1                -0.05526
  24277 bench[538,2,2]                                  1               -0.045645
  24281 bench[538,3,2]                                  1               -0.036414
  24285 bench[538,4,2]                                  1               -0.040164
  24289 bench[538,5,2]                                  1               -0.026716
  24293 bench[538,6,2]                                  1               -0.022576
  24297 bench[538,7,2]                                  1               -0.024552
  24301 bench[538,8,2]                                  1               -0.016292
  24722 bench[464,1,3]                                  1               -0.002289
  24726 bench[464,2,3]                                  1               -0.002053
  24730 bench[464,3,3]                                  1                -0.00173
  24734 bench[464,4,3]                                  1               -0.001529
  24738 bench[464,5,3]                                  1               -0.001284
  24742 bench[464,6,3]                                  1               -0.000982
  24746 bench[464,7,3]                                  1               -0.000938
  24750 bench[464,8,3]                                  1               -0.000809
  27375 transfer_in[308,1]                              1                3.031275
  27383 transfer_in[355,1]                              1                3.395028
  27399 transfer_in[373,1]                              1                2.061267
  27439 transfer_in[108,1]                              1                1.576263
  27447 transfer_in[430,1]                              1                1.576263
  27455 transfer_in[143,1]                              1                1.576263
  27463 transfer_in[134,1]                              1                1.576263
  27559 transfer_in[206,1]                              1                1.333761
  27583 transfer_in[17,1]                               1                 1.21251
  27591 transfer_in[131,1]                              1                 1.21251
  27599 transfer_in[5,1]                                1                 1.21251
  27695 transfer_in[20,1]                               1                 1.21251
  28351 transfer_in[448,1]                              1                0.970008
  29599 transfer_in[538,1]                              1                1.091259
  29711 transfer_in[464,1]                              1                1.091259
  33375 itb[0]                                        100                       0
  33376 itb[1]                                        0.5                       0
  33377 itb[2]                                        0.5           2.7755576e-17
  33378 itb[3]                                        0.5           1.3877788e-17
  33379 itb[4]                                        0.5                       0
  33380 itb[5]                                        0.5                       0
  33381 itb[6]                                        0.5                       0
  33382 itb[7]                                        0.5            3.469447e-18
  33383 itb[8]                                        0.5                       0
  33385 ft[1]                                           1                    -1.5
  33386 ft[2]                                           1                  -1.275
  33387 ft[3]                                           2                -1.08375
  33388 ft[4]                                           2               -0.921187
  33389 ft[5]                                           2               -0.783009
  33390 ft[6]                                           2               -0.665558
  33391 ft[7]                                           2               -0.565724
  33392 ft[8]                                           2               -0.480866
  33403 aux[3]                                          1                       0
  33404 aux[4]                                          1                       0
  33405 aux[5]                                          1                       0
  33406 aux[6]                                          1                       0
  33407 aux[7]                                          1                       0
  33408 aux[8]                                          1                       0
