Optimal (within gap tolerance) - objective value -236.05376500
      0 squad[333,34]                                    1                       0
      1 squad[333,35]                                    1                       0
      2 squad[333,36]                                    1                       0
      3 squad[333,37]                                    1                       0
      4 squad[333,38]                                    1                       0
      8 squad[318,37]                                    1                       0
      9 squad[318,38]                                    1                       0
     10 squad[124,34]                                    1                       0
     11 squad[124,35]                                    1                       0
     12 squad[124,36]                                    1                       0
     13 squad[124,37]                                    1                       0
     14 squad[124,38]                                    1                       0
     16 squad[335,35]                                    1                       0
     17 squad[335,36]                                    1                       0
     18 squad[335,37]                                    1                       0
     19 squad[335,38]                                    1                       0
     20 squad[116,34]                                    1                       0
     21 squad[116,35]                                    1                       0
     22 squad[116,36]                                    1                       0
     23 squad[116,37]                                    1                       0
     24 squad[116,38]                                    1                       0
     25 squad[283,34]                                    1                       0
     26 squad[283,35]                                    1                       0
     27 squad[283,36]                                    1                       0
     28 squad[283,37]                                    1                       0
     29 squad[283,38]                                    1                       0
     36 squad[586,35]                                    1                       0
     37 squad[586,36]                                    1                       0
     38 squad[586,37]                                    1                       0
     39 squad[586,38]                                    1                       0
     50 squad[357,34]                                    1                       0
     51 squad[357,35]                                    1                       0
     52 squad[357,36]                                    1                       0
     53 squad[357,37]                                    1                       0
     54 squad[357,38]                                    1                       0
     55 squad[332,34]                                    1                       0
     56 squad[332,35]                                    1                       0
     57 squad[332,36]                                    1                       0
     58 squad[332,37]                                    1                       0
     59 squad[332,38]                                    1                       0
     60 squad[427,34]                                    1                       0
     61 squad[427,35]                                    1                       0
     62 squad[427,36]                                    1                       0
     65 squad[133,34]                                    1                       0
     66 squad[133,35]                                    1                       0
     67 squad[133,36]                                    1                       0
     68 squad[133,37]                                    1                       0
     69 squad[133,38]                                    1                       0
     75 squad[307,34]                                    1                       0
     76 squad[307,35]                                    1                       0
     77 squad[307,36]                                    1                       0
     78 squad[307,37]                                    1                       0
     79 squad[307,38]                                    1                       0
    120 squad[40,34]                                     1                       0
    121 squad[40,35]                                     1                       0
    122 squad[40,36]                                     1                       0
    130 squad[104,34]                                    1                       0
    175 squad[377,34]                                    1                       0
    176 squad[377,35]                                    1                       0
    177 squad[377,36]                                    1                       0
    178 squad[377,37]                                    1                       0
    179 squad[377,38]                                    1                       0
    230 squad[66,34]                                     1                       0
    231 squad[66,35]                                     1                       0
    232 squad[66,36]                                     1                       0
    233 squad[66,37]                                     1                       0
    234 squad[66,38]                                     1                       0
    588 squad[210,37]                                    1                       0
    589 squad[210,38]                                    1                       0
   1570 squad[329,34]                                    1                       0
   1895 squad[188,34]                                    1                       0
   1896 squad[188,35]                                    1                       0
   1897 squad[188,36]                                    1                       0
   1898 squad[188,37]                                    1                       0
   1899 squad[188,38]                                    1                       0
   3600 lineup[333,35]                                   1                  -5.206
   3601 lineup[333,36]                                   1                  -4.862
   3602 lineup[333,37]                                   1               -7.789272
   3603 lineup[333,38]                                   1               -3.447698
   3606 lineup[318,37]                                   1                -7.31748
   3607 lineup[318,38]                                   1               -3.365405
   3608 lineup[124,35]                                   1                  -5.156
   3609 lineup[124,36]                                   1                -6.86375
   3610 lineup[124,37]                                   1                -6.23662
   3611 lineup[124,38]                                   1               -2.583624
   3612 lineup[335,35]                                   1                  -5.066
   3613 lineup[335,36]                                   1                 -4.5611
   3614 lineup[335,37]                                   1               -7.081222
   3615 lineup[335,38]                                   1                -3.06387
   3616 lineup[116,35]                                   1                  -4.967
   3617 lineup[116,36]                                   1                -6.47955
   3618 lineup[116,37]                                   1                -5.98519
   3619 lineup[116,38]                                   1               -2.354555
   3620 lineup[283,35]                                   1                  -6.167
   3621 lineup[283,36]                                   1                 -5.2768
   3622 lineup[283,37]                                   1               -4.314047
   3623 lineup[283,38]                                   1               -3.838895
   3628 lineup[586,35]                                   1                  -4.965
   3629 lineup[586,36]                                   1                -5.20455
   3630 lineup[586,37]                                   1               -5.787225
   3631 lineup[586,38]                                   1               -2.242784
   3640 lineup[357,35]                                   1                  -3.561
   3641 lineup[357,36]                                   1                 -7.0754
   3642 lineup[357,37]                                   1                -3.57493
   3643 lineup[357,38]                                   1               -2.539407
   3644 lineup[332,35]                                   1                  -3.663
   3645 lineup[332,36]                                   1                -3.97885
   3646 lineup[332,37]                                   1               -5.783613
   3647 lineup[332,38]                                   1               -2.627227
   3648 lineup[427,35]                                   1                  -5.205
   3649 lineup[427,36]                                   1                 -4.1667
   3653 lineup[133,36]                                   1                 -4.3095
   3655 lineup[133,38]                                   1               -2.286387
   3660 lineup[307,35]                                   1                  -4.468
   3662 lineup[307,37]                                   1               -5.145645
   3696 lineup[40,35]                                    1                  -4.643
   3741 lineup[377,36]                                   1                 -5.3788
   3786 lineup[66,37]                                    1               -2.541032
   3787 lineup[66,38]                                    1               -2.376664
   5202 captain[333,37]                                  1               -7.789272
   5220 captain[283,35]                                  1                  -6.167
   5223 captain[283,38]                                  1               -3.838895
   5241 captain[357,36]                                  1                 -7.0754
   6800 vicecap[333,35]                                  1                 -0.5206
   6803 vicecap[333,38]                                  1                -0.34477
   6806 vicecap[318,37]                                  1               -0.731748
   6809 vicecap[124,36]                                  1               -0.686375
   8608 bench[133,35,0]                                  1                -0.12435
   8616 bench[133,37,0]                                  1               -0.141906
   8644 bench[307,36,0]                                  1               -0.104422
   8652 bench[307,38,0]                                  1               -0.067284
   8789 bench[40,36,1]                                   1                -0.83056
   8961 bench[377,35,1]                                  1                -0.55356
   8969 bench[377,37,1]                                  1               -0.568665
   8974 bench[377,38,2]                                  1                -0.11419
   9138 bench[66,35,2]                                   1                 -0.2202
   9142 bench[66,36,2]                                   1               -0.192525
  10282 bench[210,37,2]                                  1                -0.16356
  10285 bench[210,38,1]                                  1               -0.444418
  14467 bench[188,35,3]                                  1               -0.000252
  14471 bench[188,36,3]                                  1                -0.00051
  14475 bench[188,37,3]                                  1               -0.002126
  14479 bench[188,38,3]                                  1               -0.000698
  14806 transfer_in[318,37]                              1                       0
  14812 transfer_in[335,35]                              1                       0
  14828 transfer_in[586,35]                              1                       0
  15270 transfer_in[210,37]                              1                       0
  16470 tr_out_reg[427,37]                               1                       0
  16518 tr_out_reg[40,37]                                1                       0
  16524 tr_out_reg[104,35]                               1                       0
  17676 tr_out_reg[329,35]                               1                       0
  18020 itb[34]                                        2.6                       0
  18021 itb[35]                                        0.6                       0
  18022 itb[36]                                        0.6                       0
  18023 itb[37]                                        0.4                       0
  18024 itb[38]                                        0.4                       0
  18026 ft[35]                                           1                    -1.5
  18027 ft[36]                                           1                  -1.275
  18028 ft[37]                                           2                -1.08375
  18029 ft[38]                                           1               -0.921187
  18030 pt[35]                                           1                       4
  18036 aux[37]                                          1                       0
