Infeasible - objective value -66.11255915
      0 squad[283,31]                                    1                       0
      1 squad[283,32]                                    1                       0
      2 squad[318,31]                                    1                       0
      3 squad[318,32]                                    1                       0
      5 squad[124,32]                                    1                -2.06326
      6 squad[333,31]                                    1                       0
      7 squad[333,32]                                    1                       0
      8 squad[116,31]                                    1                -2.06326
      9 squad[116,32]                                    1                       0
     12 squad[107,31]                                    1                       0
     13 squad[107,32]                                    1                       0
     16 squad[357,31]                                    1              -2.0088924
     17 squad[357,32]                                    1                       0
     38 squad[40,31]                                     1                       0
     39 squad[40,32]                                     1                       0
     46 squad[332,31]                                    1              -1.9995051
     47 squad[332,32]                                    1                       0
     70 squad[377,31]                                    1                       0
     71 squad[377,32]                                    1                       0
     72 squad[66,31]                                     1                -2.04326
     73 squad[66,32]                                     1                       0
     78 squad[133,31]                                    1                       0
     79 squad[133,32]                                    1                       0
     82 squad[358,31]                                    1                       0
     83 squad[358,32]                                    1                       0
    104 squad[574,31]                                    1                       0
    105 squad[574,32]                                    1                       0
    178 squad[313,31]                                    1                       0
    179 squad[313,32]                                    1                       0
    902 squad_fh[283,32]                                 1                       0
    907 squad_fh[285,32]                                 1                       0
    910 squad_fh[357,32]                               0.5                       0
    912 squad_fh[284,32]                                 1                       0
    916 squad_fh[13,32]                                  1                       0
    921 squad_fh[40,32]                                0.5                       0
    922 squad_fh[7,32]                          0.33333333                       0
    924 squad_fh[465,32]                        0.33333333                       0
**     927 squad_fh[455,32]                        -2.7727273                       0
    929 squad_fh[594,32]                               0.5                       0
    932 squad_fh[261,32]                               0.5                       0
    934 squad_fh[19,32]                         0.33333333                       0
    938 squad_fh[66,32]                                  1                       0
    939 squad_fh[10,32]                                  1                       0
    946 squad_fh[171,32]                        0.66666667                       0
    947 squad_fh[346,32]                        0.33333333                       0
    950 squad_fh[16,32]                         0.33333333                       0
    959 squad_fh[170,32]                        0.16666667                       0
    973 squad_fh[258,32]                                 1                       0
    976 squad_fh[169,32]                               0.5                       0
   1026 squad_fh[175,32]                                 1                       0
   1078 squad_fh[80,32]                                  1                       0
**    1352 squad_fh[548,32]                         3.7727273                       0
   1353 lineup[283,32]                                   1             -0.99197318
   1358 lineup[285,32]                                   1                       0
   1361 lineup[357,32]                                 0.5                       0
   1363 lineup[284,32]                                   1            -0.028510545
   1367 lineup[13,32]                                    1             -0.23763164
   1372 lineup[40,32]                                  0.5                       0
   1373 lineup[7,32]                            0.33333333                       0
   1375 lineup[465,32]                          0.33333333                       0
   1383 lineup[261,32]                                 0.5                       0
   1385 lineup[19,32]                           0.33333333                       0
   1390 lineup[10,32]                                    1                       0
   1397 lineup[171,32]                          0.66666667                       0
   1401 lineup[16,32]                           0.33333333                       0
   1427 lineup[169,32]                                 0.5                       0
   1477 lineup[175,32]                                   1                       0
   1529 lineup[80,32]                                    1             -0.24140445
   1804 captain[283,32]                                  1                 -0.9405
   2260 vicecap[285,32]                                  1                       0
   2738 bench[357,32,0]                                0.5                       0
   2782 bench[40,32,0]                                 0.5                       0
   2786 bench[7,32,0]                           0.33333333                       0
   2787 bench[7,32,1]                           0.33333333                       0
   2790 bench[376,32,0]                                  1                -0.00459
   2794 bench[465,32,0]                         0.33333333                       0
   2796 bench[465,32,2]                         0.33333333                       0
**    2806 bench[455,32,0]                         -2.7727273                       0
**    2809 bench[455,32,3]                         -2.7727273                       0
   2814 bench[594,32,0]                                0.5                       0
   2817 bench[594,32,3]                                0.5                       0
   2826 bench[261,32,0]                                0.5                       0
   2834 bench[19,32,0]                          0.33333333                       0
   2835 bench[19,32,1]                          0.33333333                       0
   2844 bench[81,32,2]                                   1                       0
   2850 bench[66,32,0]                                   1           -0.0079887273
   2882 bench[171,32,0]                         0.66666667                       0
**    2884 bench[171,32,2]                        -0.33333333                       0
   2886 bench[346,32,0]                         0.33333333                       0
**    2889 bench[346,32,3]                          3.1060606                       0
   2898 bench[16,32,0]                          0.33333333                       0
   2899 bench[16,32,1]                          0.33333333                       0
**    2914 bench[574,32,0]                          2.7727273                       0
   2934 bench[170,32,0]                         0.16666667                       0
   2937 bench[170,32,3]                         0.16666667                       0
   2990 bench[258,32,0]                                  1                       0
   3002 bench[169,32,0]                                0.5                       0
   4512 transfer_in[124,32]                              1                       0
   5418 itb[31]                                        2.5                       0
**    5419 itb[32]                                       -3.2                       0
   5421 ft[32]                                           1                       0
   5426 use_fh[32]                                       1                       0
