Optimal (within gap tolerance) - objective value -269.29067750
      1 squad[308,1]                                    1                      0
      2 squad[308,2]                                    1                      0
      3 squad[308,3]                                    1                      0
      4 squad[308,4]                                    1                      0
      5 squad[308,5]                                    1                      0
      6 squad[308,6]                                    1                      0
      7 squad[308,7]                                    1                      0
      8 squad[308,8]                                    1                      0
     10 squad[355,1]                                    1                      0
     12 squad[355,3]                                    1                      0
     13 squad[355,4]                                    1                      0
     14 squad[355,5]                                    1                      0
     15 squad[355,6]                                    1                      0
     25 squad[500,7]                                    1                      0
     26 squad[500,8]                                    1                      0
     37 squad[373,1]                                    1                      0
     38 squad[373,2]                                    1                      0
     39 squad[373,3]                                    1                      0
     42 squad[373,6]                                    1                      0
     43 squad[373,7]                                    1                      0
     44 squad[373,8]                                    1                      0
     46 squad[19,1]                                     1                      0
     47 squad[19,2]                                     1                      0
     48 squad[19,3]                                     1                      0
     49 squad[19,4]                                     1                      0
     50 squad[19,5]                                     1                      0
     95 squad[430,5]                                    1                      0
     96 squad[430,6]                                    1                      0
     97 squad[430,7]                                    1                      0
     98 squad[430,8]                                    1                      0
    100 squad[108,1]                                    1                      0
    101 squad[108,2]                                    1                      0
    102 squad[108,3]                                    1                      0
    103 squad[108,4]                                    1                      0
    104 squad[108,5]                                    1                      0
    105 squad[108,6]                                    1                      0
    106 squad[108,7]                                    1                      0
    107 squad[108,8]                                    1                      0
    118 squad[143,1]                                    1                      0
    119 squad[143,2]                                    1                      0
    120 squad[143,3]                                    1                      0
    121 squad[143,4]                                    1                      0
    122 squad[143,5]                                    1                      0
    123 squad[143,6]                                    1                      0
    124 squad[143,7]                                    1                      0
    125 squad[143,8]                                    1                      0
    130 squad[226,4]                                    1                      0
    131 squad[226,5]                                    1                      0
    132 squad[226,6]                                    1                      0
    133 squad[226,7]                                    1                      0
    134 squad[226,8]                                    1                      0
    182 squad[307,2]                                    1                      0
    235 squad[5,1]                                      1                      0
    236 squad[5,2]                                      1                      0
    237 squad[5,3]                                      1                      0
    239 squad[5,5]                                      1                      0
    240 squad[5,6]                                      1                      0
    241 squad[5,7]                                      1                      0
    242 squad[5,8]                                      1                      0
    264 squad[195,3]                                    1                      0
    265 squad[195,4]                                    1                      0
    266 squad[195,5]                                    1                      0
    267 squad[195,6]                                    1                      0
    268 squad[195,7]                                    1                      0
    269 squad[195,8]                                    1                      0
    292 squad[206,4]                                    1                      0
    301 squad[368,4]                                    1                      0
    302 squad[368,5]                                    1                      0
    303 squad[368,6]                                    1                      0
    316 squad[131,1]                                    1                      0
    317 squad[131,2]                                    1                      0
    318 squad[131,3]                                    1                      0
    319 squad[131,4]                                    1                      0
    320 squad[131,5]                                    1                      0
    321 squad[131,6]                                    1                      0
    322 squad[131,7]                                    1                      0
    323 squad[131,8]                                    1                      0
    325 squad[20,1]                                     1                      0
    370 squad[230,1]                                    1                      0
    371 squad[230,2]                                    1                      0
    372 squad[230,3]                                    1                      0
    373 squad[230,4]                                    1                      0
    374 squad[230,5]                                    1                      0
    375 squad[230,6]                                    1                      0
    376 squad[230,7]                                    1                      0
    377 squad[230,8]                                    1                      0
    380 squad[437,2]                                    1                      0
    397 squad[398,1]                                    1                      0
    398 squad[398,2]                                    1                      0
    399 squad[398,3]                                    1                      0
    424 squad[148,1]                                    1                      0
    425 squad[148,2]                                    1                      0
    426 squad[148,3]                                    1                      0
    427 squad[148,4]                                    1                      0
    428 squad[148,5]                                    1                      0
    429 squad[148,6]                                    1                      0
    430 squad[148,7]                                    1                      0
    431 squad[148,8]                                    1                      0
    505 squad[112,1]                                    1                      0
    506 squad[112,2]                                    1                      0
    507 squad[112,3]                                    1                      0
    508 squad[112,4]                                    1                      0
    763 squad[405,7]                                    1                      0
    764 squad[405,8]                                    1                      0
   2503 squad[538,1]                                    1                      0
   2504 squad[538,2]                                    1                      0
   2505 squad[538,3]                                    1                      0
   2506 squad[538,4]                                    1                      0
   2507 squad[538,5]                                    1                      0
   2508 squad[538,6]                                    1                      0
   2509 squad[538,7]                                    1                      0
   2510 squad[538,8]                                    1                      0
   2638 squad[82,1]                                     1                      0
   2639 squad[82,2]                                     1                      0
   2640 squad[82,3]                                     1                      0
   2641 squad[82,4]                                     1                      0
   2642 squad[82,5]                                     1                      0
   2643 squad[82,6]                                     1                      0
   2644 squad[82,7]                                     1                      0
   2645 squad[82,8]                                     1                      0
   6375 lineup[308,1]                                   1                 -6.446
   6376 lineup[308,2]                                   1                -5.8424
   6377 lineup[308,3]                                   1               -3.44576
   6378 lineup[308,4]                                   1              -3.337728
   6379 lineup[308,5]                                   1               -2.90816
   6380 lineup[308,6]                                   1              -2.342912
   6381 lineup[308,7]                                   1              -1.724121
   6382 lineup[308,8]                                   1              -1.168953
   6383 lineup[355,1]                                   1                 -6.912
   6385 lineup[355,3]                                   1               -4.91904
   6386 lineup[355,4]                                   1               -3.29472
   6387 lineup[355,5]                                   1               -2.54976
   6388 lineup[355,6]                                   1              -2.305229
   6397 lineup[500,7]                                   1              -1.347682
   6398 lineup[500,8]                                   1               -1.48017
   6407 lineup[373,1]                                   1                 -6.053
   6408 lineup[373,2]                                   1                -4.2976
   6409 lineup[373,3]                                   1               -3.97312
   6412 lineup[373,6]                                   1              -1.971978
   6413 lineup[373,7]                                   1              -1.481114
   6414 lineup[373,8]                                   1               -1.14903
   6415 lineup[19,1]                                    1                  -5.99
   6416 lineup[19,2]                                    1                 -4.228
   6417 lineup[19,3]                                    1               -3.69408
   6418 lineup[19,4]                                    1              -2.658816
   6419 lineup[19,5]                                    1              -2.249114
   6459 lineup[430,5]                                   1               -2.16064
   6460 lineup[430,6]                                   1              -1.906115
   6461 lineup[430,7]                                   1              -1.711014
   6462 lineup[430,8]                                   1              -1.071645
   6463 lineup[108,1]                                   1                 -5.134
   6464 lineup[108,2]                                   1                -3.9224
   6465 lineup[108,3]                                   1                 -3.248
   6466 lineup[108,4]                                   1              -2.764288
   6467 lineup[108,5]                                   1              -1.697382
   6468 lineup[108,6]                                   1              -1.719009
   6469 lineup[108,7]                                   1              -1.365246
   6470 lineup[108,8]                                   1              -0.933442
   6479 lineup[143,1]                                   1                 -5.485
   6480 lineup[143,2]                                   1                -4.1848
   6481 lineup[143,3]                                   1               -3.29088
   6482 lineup[143,4]                                   1              -2.216448
   6483 lineup[143,5]                                   1              -1.879245
   6484 lineup[143,6]                                   1              -1.762918
   6485 lineup[143,7]                                   1              -1.239417
   6486 lineup[143,8]                                   1              -0.919811
   6490 lineup[226,4]                                   1              -2.683904
   6491 lineup[226,5]                                   1              -1.864499
   6492 lineup[226,6]                                   1              -1.649869
   6493 lineup[226,7]                                   1              -1.134297
   6494 lineup[226,8]                                   1              -1.105409
   6536 lineup[307,2]                                   1                 -4.488
   6583 lineup[5,1]                                     1                 -5.338
   6584 lineup[5,2]                                     1                -2.9712
   6585 lineup[5,3]                                     1               -2.96832
   6587 lineup[5,5]                                     1              -1.653965
   6588 lineup[5,6]                                     1              -1.472266
   6589 lineup[5,7]                                     1              -1.103102
   6609 lineup[195,3]                                   1               -3.36064
   6610 lineup[195,4]                                   1              -2.582016
   6611 lineup[195,5]                                   1              -1.752269
   6614 lineup[195,8]                                   1               -0.92065
   6634 lineup[206,4]                                   1                -2.5344
   6642 lineup[368,4]                                   1              -2.407936
   6643 lineup[368,5]                                   1               -1.62775
   6644 lineup[368,6]                                   1               -1.72458
   6655 lineup[131,1]                                   1                 -5.615
   6656 lineup[131,2]                                   1                -3.5672
   6657 lineup[131,3]                                   1                -2.8992
   6660 lineup[131,6]                                   1              -1.696399
   6662 lineup[131,8]                                   1              -0.701707
   6663 lineup[20,1]                                    1                 -5.157
   6706 lineup[230,4]                                   1               -2.35776
   6707 lineup[230,5]                                   1              -1.452851
   6710 lineup[230,8]                                   1              -0.996147
   6712 lineup[437,2]                                   1                -3.8704
   6727 lineup[398,1]                                   1                 -4.891
   6728 lineup[398,2]                                   1                -3.0192
   6729 lineup[398,3]                                   1               -3.23008
   6751 lineup[148,1]                                   1                 -5.165
   6752 lineup[148,2]                                   1                -3.2848
   6753 lineup[148,3]                                   1               -2.70016
   6756 lineup[148,6]                                   1              -1.549926
   6757 lineup[148,7]                                   1              -0.892076
   6826 lineup[112,4]                                   1               -2.28864
   7053 lineup[405,7]                                   1              -1.264058
   7054 lineup[405,8]                                   1              -0.726663
   8725 lineup[82,7]                                    1              -0.187433
   9376 captain[308,2]                                  1                -5.8424
   9378 captain[308,4]                                  1              -3.337728
   9379 captain[308,5]                                  1               -2.90816
   9380 captain[308,6]                                  1              -2.342912
   9381 captain[308,7]                                  1              -1.724121
   9383 captain[355,1]                                  1                 -6.912
   9385 captain[355,3]                                  1               -4.91904
   9398 captain[500,8]                                  1               -1.48017
  12375 vicecap[308,1]                                  1                -0.6446
  12382 vicecap[308,8]                                  1              -0.116895
  12386 vicecap[355,4]                                  1              -0.329472
  12387 vicecap[355,5]                                  1              -0.254976
  12388 vicecap[355,6]                                  1              -0.230523
  12409 vicecap[373,3]                                  1              -0.397312
  12461 vicecap[430,7]                                  1              -0.171101
  12536 vicecap[307,2]                                  1                -0.4488
  16236 bench[5,8,1]                                    1              -0.113712
  16324 bench[195,6,1]                                  1               -0.25736
  16328 bench[195,7,1]                                  1              -0.221797
  16508 bench[131,4,1]                                  1              -0.357719
  16512 bench[131,5,1]                                  1              -0.282218
  16521 bench[131,7,2]                                  1              -0.053131
  16687 bench[230,1,0]                                  1               -0.12978
  16691 bench[230,2,0]                                  1              -0.081648
  16695 bench[230,3,0]                                  1              -0.069485
  16707 bench[230,6,0]                                  1              -0.043401
  16711 bench[230,7,0]                                  1              -0.026747
  16891 bench[148,4,0]                                  1              -0.050995
  16895 bench[148,5,0]                                  1              -0.040428
  16907 bench[148,8,0]                                  1              -0.020925
  17168 bench[112,1,1]                                  1               -0.81438
  17172 bench[112,2,1]                                  1              -0.607824
  17176 bench[112,3,1]                                  1              -0.517978
  24273 bench[538,1,2]                                  1               -0.05526
  24277 bench[538,2,2]                                  1               -0.04296
  24281 bench[538,3,2]                                  1              -0.032256
  24285 bench[538,4,2]                                  1              -0.033485
  24289 bench[538,5,2]                                  1              -0.020963
  24293 bench[538,6,2]                                  1              -0.016672
  24298 bench[538,7,3]                                  1              -0.000853
  24301 bench[538,8,2]                                  1              -0.010658
  24754 bench[82,1,3]                                   1              -0.002322
  24758 bench[82,2,3]                                   1              -0.001709
  24762 bench[82,3,3]                                   1              -0.001471
  24766 bench[82,4,3]                                   1              -0.001143
  24770 bench[82,5,3]                                   1              -0.000925
  24774 bench[82,6,3]                                   1              -0.000697
  24782 bench[82,8,3]                                   1              -0.000491
  27375 transfer_in[308,1]                              1              2.6007125
  27383 transfer_in[355,1]                              1               2.912798
  27385 transfer_in[355,3]                              1               1.652798
  27397 transfer_in[500,7]                              1              0.2949125
  27407 transfer_in[373,1]                              1              1.7684845
  27412 transfer_in[373,6]                              1              0.3398045
  27415 transfer_in[19,1]                               1              1.7684845
  27459 transfer_in[430,5]                              1              0.3929705
  27463 transfer_in[108,1]                              1              1.3523705
  27479 transfer_in[143,1]                              1              1.3523705
  27490 transfer_in[226,4]                              1              0.5593705
  27536 transfer_in[307,2]                              1              1.0273705
  27583 transfer_in[5,1]                                1               1.040285
  27587 transfer_in[5,5]                                1               0.302285
  27609 transfer_in[195,3]                              1              0.6493135
  27634 transfer_in[206,4]                              1              0.4733135
  27642 transfer_in[368,4]                              1              0.4733135
  27655 transfer_in[131,1]                              1               1.040285
  27663 transfer_in[20,1]                               1               1.040285
  27703 transfer_in[230,1]                              1              0.9362565
  27712 transfer_in[437,2]                              1              1.0273705
  27727 transfer_in[398,1]                              1              1.1443135
  27751 transfer_in[148,1]                              1              0.9362565
  27823 transfer_in[112,1]                              1              0.9362565
  28053 transfer_in[405,7]                              1              0.1061685
  29599 transfer_in[538,1]                              1              0.9362565
  29719 transfer_in[82,1]                               1              0.9362565
  30384 tr_out_reg[355,2]                               1              -2.212798
  30389 tr_out_reg[355,7]                               1              -0.330302
  30410 tr_out_reg[373,4]                               1             -0.7314845
  30420 tr_out_reg[19,6]                                1             -0.3398045
  30537 tr_out_reg[307,3]                               1             -0.7673705
  30586 tr_out_reg[5,4]                                 1              -0.430285
  30635 tr_out_reg[206,5]                               1             -0.3325135
  30645 tr_out_reg[368,7]                               1             -0.1297615
  30664 tr_out_reg[20,2]                                1              -0.790285
  30713 tr_out_reg[437,3]                               1             -0.7673705
  30730 tr_out_reg[398,4]                               1             -0.4733135
  30827 tr_out_reg[112,5]                               1             -0.2720565
  33375 itb[0]                                        100                      0
  33376 itb[1]                                        0.5                      0
  33377 itb[2]                                        6.5                      0
  33379 itb[4]                                        1.5                      0
  33382 itb[7]                                        2.5                      0
  33383 itb[8]                                        2.5                      0
  33385 ft[1]                                           1                   -1.5
  33386 ft[2]                                           1                   -1.2
  33387 ft[3]                                           1                  -0.96
  33388 ft[4]                                           1                 -0.768
  33389 ft[5]                                           1                -0.6144
  33390 ft[6]                                           1               -0.49152
  33391 ft[7]                                           1              -0.393216
  33392 ft[8]                                           1              -0.314573
  33394 pt[2]                                           1                    3.2
  33395 pt[3]                                           1                   2.56
  33396 pt[4]                                           2                  2.048
  33397 pt[5]                                           1                 1.6384
  33399 pt[7]                                           1               1.048576
