Optimal (within gap tolerance) - objective value -132.58458100
      0 squad[355,5]                                    1                      0
      1 squad[355,6]                                    1                      0
      2 squad[355,7]                                    1                      0
      3 squad[308,5]                                    1                      0
      4 squad[308,6]                                    1                      0
      5 squad[308,7]                                    1                      0
      9 squad[19,5]                                     1                      0
     10 squad[19,6]                                     1                      0
     11 squad[19,7]                                     1                      0
     12 squad[108,5]                                    1                      0
     13 squad[108,6]                                    1                      0
     14 squad[108,7]                                    1                      0
     17 squad[526,7]                                    1                      0
     21 squad[373,5]                                    1                      0
     22 squad[373,6]                                    1                      0
     23 squad[373,7]                                    1                      0
     87 squad[131,5]                                    1                      0
     88 squad[131,6]                                    1                      0
     89 squad[131,7]                                    1                      0
    102 squad[511,5]                                    1                      0
    103 squad[511,6]                                    1                      0
    104 squad[511,7]                                    1                      0
    150 squad[112,5]                                    1                      0
    151 squad[112,6]                                    1                      0
    152 squad[112,7]                                    1                      0
    180 squad[20,5]                                     1                      0
    181 squad[20,6]                                     1                      0
    182 squad[20,7]                                     1                      0
    264 squad[230,5]                                    1                      0
    265 squad[230,6]                                    1                      0
    266 squad[230,7]                                    1                      0
    290 squad[614,7]                                    1                      0
    327 squad[143,5]                                    1                      0
    328 squad[143,6]                                    1                      0
    496 squad[318,6]                                    1                      0
    497 squad[318,7]                                    1                      0
    672 squad[195,5]                                    1                      0
    780 squad[148,5]                                    1                      0
    781 squad[148,6]                                    1                      0
    891 squad[82,5]                                     1                      0
    892 squad[82,6]                                     1                      0
    893 squad[82,7]                                     1                      0
   1089 squad[538,5]                                    1                      0
   1090 squad[538,6]                                    1                      0
   1091 squad[538,7]                                    1                      0
   1870 lineup[355,6]                                   1                 -7.476
   1871 lineup[355,7]                                   1                -6.4889
   1872 lineup[308,6]                                   1                 -6.941
   1873 lineup[308,7]                                   1               -5.66185
   1876 lineup[19,6]                                    1                 -6.005
   1877 lineup[19,7]                                    1                -5.5981
   1878 lineup[108,6]                                   1                 -5.801
   1879 lineup[108,7]                                   1                -5.0099
   1881 lineup[526,7]                                   1                -5.6406
   1884 lineup[373,6]                                   1                 -5.809
   1885 lineup[373,7]                                   1                -4.2432
   1928 lineup[131,6]                                   1                 -5.036
   1929 lineup[131,7]                                   1                -3.2317
   1970 lineup[112,6]                                   1                 -4.433
   1971 lineup[112,7]                                   1               -3.39575
   1990 lineup[20,6]                                    1                 -3.966
   1991 lineup[20,7]                                    1               -3.30905
   2046 lineup[230,6]                                   1                 -3.833
   2063 lineup[614,7]                                   1               -6.04605
   2088 lineup[143,6]                                   1                 -3.612
   2200 lineup[318,6]                                   1                 -3.251
   2201 lineup[318,7]                                   1               -5.31845
   2618 captain[355,6]                                  1                 -7.476
   2619 captain[355,7]                                  1                -6.4889
   3368 vicecap[308,6]                                  1                -0.6941
   3559 vicecap[614,7]                                  1              -0.604605
   4387 bench[511,6,1]                                  1               -0.66717
   4391 bench[511,7,1]                                  1              -0.622073
   4822 bench[230,7,0]                                  1              -0.077494
   6194 bench[148,6,0]                                  1               -0.03969
   6492 bench[82,6,2]                                   1               -0.04362
   6496 bench[82,7,2]                                   1              -0.039117
   7021 bench[538,6,3]                                  1              -0.000495
   7025 bench[538,7,3]                                  1              -0.001017
   7117 transfer_in[526,7]                              1                0.30175
   7299 transfer_in[614,7]                              1                0.19125
   7436 transfer_in[318,6]                              1                   0.37
   8085 tr_out_reg[143,7]                               1               -0.27625
   8314 tr_out_reg[195,6]                               1               -0.52725
   8387 tr_out_reg[148,7]                               1                 -0.187
   8614 itb[5]                                        0.5                      0
   8615 itb[6]                                        2.2                      0
   8616 itb[7]                                        1.5                      0
   8618 ft[6]                                           2                   -1.5
   8619 ft[7]                                           2                 -1.275
   8623 aux[7]                                          1                      0
