Optimal (within gap tolerance) - objective value -263.48458860
      0 squad[318,21]                                    1                       0
      1 squad[318,22]                                    1                       0
      2 squad[318,23]                                    1                       0
      3 squad[318,24]                                    1                       0
      4 squad[318,25]                                    1                       0
      5 squad[318,26]                                    1                       0
     12 squad[13,21]                                     1                       0
     13 squad[13,22]                                     1                       0
     14 squad[13,23]                                     1                       0
     15 squad[13,24]                                     1                       0
     16 squad[13,25]                                     1                       0
     17 squad[13,26]                                     1                       0
     20 squad[7,23]                                      1                       0
     21 squad[7,24]                                      1                       0
     22 squad[7,25]                                      1                       0
     23 squad[7,26]                                      1                       0
     30 squad[301,21]                                    1                       0
     44 squad[285,23]                                    1                       0
     45 squad[285,24]                                    1                       0
     46 squad[285,25]                                    1                       0
     47 squad[285,26]                                    1                       0
     54 squad[16,21]                                     1                       0
     55 squad[16,22]                                     1                       0
     56 squad[16,23]                                     1                       0
     57 squad[16,24]                                     1                       0
     58 squad[16,25]                                     1                       0
     59 squad[16,26]                                     1                       0
     60 squad[335,21]                                    1                       0
     61 squad[335,22]                                    1                       0
     62 squad[335,23]                                    1                       0
     63 squad[335,24]                                    1                       0
     64 squad[335,25]                                    1                       0
     65 squad[335,26]                                    1                       0
     69 squad[284,24]                                    1                       0
     70 squad[284,25]                                    1                       0
     71 squad[284,26]                                    1                       0
     78 squad[307,21]                                    1                       0
     79 squad[307,22]                                    1                       0
     80 squad[307,23]                                    1                       0
     81 squad[307,24]                                    1                       0
     82 squad[307,25]                                    1                       0
     83 squad[307,26]                                    1                       0
     90 squad[133,21]                                    1                       0
     91 squad[133,22]                                    1                       0
     92 squad[133,23]                                    1                       0
     93 squad[133,24]                                    1                       0
     94 squad[133,25]                                    1                       0
     95 squad[133,26]                                    1                       0
     97 squad[333,22]                                    1                       0
    126 squad[332,21]                                    1                       0
    127 squad[332,22]                                    1                       0
    128 squad[332,23]                                    1                       0
    129 squad[332,24]                                    1                       0
    130 squad[332,25]                                    1                       0
    131 squad[332,26]                                    1                       0
    150 squad[210,21]                                    1                       0
    151 squad[210,22]                                    1                       0
    152 squad[210,23]                                    1                       0
    153 squad[210,24]                                    1                       0
    154 squad[210,25]                                    1                       0
    155 squad[210,26]                                    1                       0
    234 squad[357,21]                                    1                       0
    235 squad[357,22]                                    1                       0
    236 squad[357,23]                                    1                       0
    252 squad[160,21]                                    1                       0
    253 squad[160,22]                                    1                       0
    254 squad[160,23]                                    1                       0
    255 squad[160,24]                                    1                       0
    256 squad[160,25]                                    1                       0
    257 squad[160,26]                                    1                       0
    307 squad[619,22]                                    1                       0
    308 squad[619,23]                                    1                       0
    309 squad[619,24]                                    1                       0
    310 squad[619,25]                                    1                       0
    311 squad[619,26]                                    1                       0
    456 squad[346,21]                                    1                       0
    457 squad[346,22]                                    1                       0
    458 squad[346,23]                                    1                       0
    459 squad[346,24]                                    1                       0
    460 squad[346,25]                                    1                       0
    461 squad[346,26]                                    1                       0
    510 squad[358,21]                                    1                       0
    511 squad[358,22]                                    1                       0
    512 squad[358,23]                                    1                       0
    513 squad[358,24]                                    1                       0
    514 squad[358,25]                                    1                       0
    515 squad[358,26]                                    1                       0
   1026 squad[345,21]                                    1                       0
   1920 squad[112,21]                                    1                       0
   1921 squad[112,22]                                    1                       0
   5533 lineup[318,22]                                   1                  -6.865
   5534 lineup[318,23]                                   1                -11.0331
   5535 lineup[318,24]                                   1               -4.697386
   5536 lineup[318,25]                                   1               -3.779076
   5537 lineup[318,26]                                   1               -2.852888
   5543 lineup[13,22]                                    1                  -5.351
   5544 lineup[13,23]                                    1                 -7.8187
   5545 lineup[13,24]                                    1                -3.24433
   5546 lineup[13,25]                                    1               -2.914531
   5547 lineup[13,26]                                    1               -2.204998
   5549 lineup[7,23]                                     1                -7.39476
   5550 lineup[7,24]                                     1               -3.061437
   5551 lineup[7,25]                                     1               -2.677443
   5552 lineup[7,26]                                     1               -2.156621
   5569 lineup[285,23]                                   1                -4.71828
   5570 lineup[285,24]                                   1               -2.352055
   5571 lineup[285,25]                                   1                -2.92997
   5572 lineup[285,26]                                   1               -2.489835
   5578 lineup[16,22]                                    1                  -4.445
   5579 lineup[16,23]                                    1                -5.65718
   5580 lineup[16,24]                                    1               -2.483846
   5581 lineup[16,25]                                    1               -2.381358
   5582 lineup[16,26]                                    1               -2.262869
   5583 lineup[335,22]                                   1                 -10.704
   5584 lineup[335,23]                                   1                 -3.9524
   5585 lineup[335,24]                                   1               -3.080264
   5587 lineup[335,26]                                   1                -1.75152
   5590 lineup[284,24]                                   1               -2.294229
   5591 lineup[284,25]                                   1               -2.775587
   5592 lineup[284,26]                                   1               -2.341991
   5599 lineup[307,23]                                   1                 -6.1951
   5601 lineup[307,25]                                   1               -2.389078
   5608 lineup[133,22]                                   1                  -4.886
   5610 lineup[133,24]                                   1               -3.417137
   5612 lineup[133,26]                                   1               -2.142605
   5613 lineup[333,22]                                   1                  -9.812
   5638 lineup[332,22]                                   1                  -9.924
   5639 lineup[332,23]                                   1                 -3.3005
   5640 lineup[332,24]                                   1               -3.037231
   5642 lineup[332,26]                                   1               -1.308892
   5658 lineup[210,22]                                   1                  -4.086
   5659 lineup[210,23]                                   1                -3.48336
   5660 lineup[210,24]                                   1               -2.611602
   5661 lineup[210,25]                                   1               -2.271085
   5662 lineup[210,26]                                   1               -1.688223
   5728 lineup[357,22]                                   1                  -5.312
   5729 lineup[357,23]                                   1                 -4.2558
   5745 lineup[160,24]                                   1               -2.682876
   5746 lineup[160,25]                                   1               -2.284869
   5747 lineup[160,26]                                   1               -1.808487
   5788 lineup[619,22]                                   1                   -7.07
   5791 lineup[619,25]                                   1               -1.146845
   5916 lineup[346,25]                                   1               -1.683327
   5958 lineup[358,22]                                   1                  -4.476
   5959 lineup[358,23]                                   1                -3.57274
   8049 captain[318,23]                                  1                -11.0331
   8050 captain[318,24]                                  1               -4.697386
   8051 captain[318,25]                                  1               -3.779076
   8052 captain[318,26]                                  1               -2.852888
   8098 captain[335,22]                                  1                 -10.704
  10574 vicecap[13,23]                                   1                -0.78187
  10601 vicecap[285,25]                                  1               -0.292997
  10602 vicecap[285,26]                                  1               -0.248983
  10640 vicecap[133,24]                                  1               -0.341714
  10668 vicecap[332,22]                                  1                 -0.9924
  13293 bench[335,25,3]                                  1                       0
  13338 bench[307,22,0]                                  1                -0.10416
  13346 bench[307,24,0]                                  1               -0.087587
  13354 bench[307,26,0]                                  1               -0.053359
  13382 bench[133,23,0]                                  1               -0.106985
  13390 bench[133,25,0]                                  1               -0.070432
  13512 bench[332,25,2]                                  1                       0
  13920 bench[160,22,2]                                  1                -0.08964
  13923 bench[160,23,1]                                  1                 -0.6919
  14105 bench[619,23,3]                                  1               -0.007638
  14109 bench[619,24,3]                                  1                -0.00534
  14117 bench[619,26,3]                                  1               -0.002668
  14599 bench[346,22,1]                                  1                -0.67473
  14604 bench[346,23,2]                                  1               -0.164426
  14608 bench[346,24,2]                                  1               -0.108848
  14615 bench[346,26,1]                                  1               -0.264328
  14787 bench[358,24,1]                                  1                -0.45157
  14791 bench[358,25,1]                                  1               -0.039715
  14796 bench[358,26,2]                                  1               -0.069582
  19481 bench[112,22,3]                                  1                -0.00369
  23154 transfer_in[7,23]                                1               3.4443282
  23174 transfer_in[285,23]                              1               3.6439994
  23195 transfer_in[284,24]                              1               2.2792104
  23218 transfer_in[333,22]                              1               6.9218622
  23393 transfer_in[619,22]                              1                 3.49589
  25660 tr_out_first[357,24]                             1              -1.9775502
  25718 tr_out_reg[301,22]                               1               -8.739725
  25774 tr_out_reg[333,23]                               1              -4.9418622
  26548 tr_out_reg[345,22]                               1               -4.544657
  27294 tr_out_reg[112,23]                               1              -2.5458078
  28208 itb[21]                                        0.2           -1.110223e-16
  28209 itb[22]                                        4.3           5.5511151e-17
  28210 itb[23]                                        5.1                       0
  28211 itb[24]                                        4.2                       0
  28212 itb[25]                                        4.2                       0
  28213 itb[26]                                        4.2                       0
  28215 ft[22]                                           2                    -1.5
  28216 ft[23]                                           1                   -1.23
  28217 ft[24]                                           1                 -1.0086
  28218 ft[25]                                           1               -0.827052
  28219 ft[26]                                           2               -0.678183
  28221 pt[23]                                           1                    3.28
  28229 aux[26]                                          1                       0
