Optimal (within gap tolerance) - objective value -294.22331600
      1 squad[308,1]                                    1                      0
      2 squad[308,2]                                    1                      0
      3 squad[308,3]                                    1                      0
      4 squad[308,4]                                    1                      0
      5 squad[308,5]                                    1                      0
      6 squad[308,6]                                    1                      0
      8 squad[355,1]                                    1                      0
      9 squad[355,2]                                    1                      0
     10 squad[355,3]                                    1                      0
     11 squad[355,4]                                    1                      0
     12 squad[355,5]                                    1                      0
     13 squad[355,6]                                    1                      0
     29 squad[373,1]                                    1                      0
     30 squad[373,2]                                    1                      0
     31 squad[373,3]                                    1                      0
     32 squad[373,4]                                    1                      0
     33 squad[373,5]                                    1                      0
     34 squad[373,6]                                    1                      0
     36 squad[19,1]                                     1                      0
     37 squad[19,2]                                     1                      0
     38 squad[19,3]                                     1                      0
     39 squad[19,4]                                     1                      0
     40 squad[19,5]                                     1                      0
     41 squad[19,6]                                     1                      0
     71 squad[361,1]                                    1                      0
     72 squad[361,2]                                    1                      0
     73 squad[361,3]                                    1                      0
     74 squad[361,4]                                    1                      0
     75 squad[361,5]                                    1                      0
     76 squad[361,6]                                    1                      0
     78 squad[117,1]                                    1                      0
     79 squad[117,2]                                    1                      0
     80 squad[117,3]                                    1                      0
     81 squad[117,4]                                    1                      0
     82 squad[117,5]                                    1                      0
     83 squad[117,6]                                    1                      0
     92 squad[346,1]                                    1                      0
     93 squad[346,2]                                    1                      0
     94 squad[346,3]                                    1                      0
     95 squad[346,4]                                    1                      0
     96 squad[346,5]                                    1                      0
     97 squad[346,6]                                    1                      0
     99 squad[134,1]                                    1                      0
    100 squad[134,2]                                    1                      0
    101 squad[134,3]                                    1                      0
    102 squad[134,4]                                    1                      0
    103 squad[134,5]                                    1                      0
    104 squad[134,6]                                    1                      0
    113 squad[371,1]                                    1                      0
    114 squad[371,2]                                    1                      0
    115 squad[371,3]                                    1                      0
    116 squad[371,4]                                    1                      0
    117 squad[371,5]                                    1                      0
    118 squad[371,6]                                    1                      0
    127 squad[206,1]                                    1                      0
    128 squad[206,2]                                    1                      0
    129 squad[206,3]                                    1                      0
    130 squad[206,4]                                    1                      0
    131 squad[206,5]                                    1                      0
    132 squad[206,6]                                    1                      0
    155 squad[23,1]                                     1                      0
    156 squad[23,2]                                     1                      0
    157 squad[23,3]                                     1                      0
    158 squad[23,4]                                     1                      0
    159 squad[23,5]                                     1                      0
    160 squad[23,6]                                     1                      0
    218 squad[131,1]                                    1                      0
    219 squad[131,2]                                    1                      0
    220 squad[131,3]                                    1                      0
    221 squad[131,4]                                    1                      0
    222 squad[131,5]                                    1                      0
    223 squad[131,6]                                    1                      0
    386 squad[1,1]                                      1                      0
    387 squad[1,2]                                      1                      0
    388 squad[1,3]                                      1                      0
    389 squad[1,4]                                      1                      0
    390 squad[1,5]                                      1                      0
    391 squad[1,6]                                      1                      0
    393 squad[301,1]                                    1                      0
    394 squad[301,2]                                    1                      0
    395 squad[301,3]                                    1                      0
    396 squad[301,4]                                    1                      0
    397 squad[301,5]                                    1                      0
    398 squad[301,6]                                    1                      0
    603 squad[312,1]                                    1                      0
    604 squad[312,2]                                    1                      0
    605 squad[312,3]                                    1                      0
    606 squad[312,4]                                    1                      0
    607 squad[312,5]                                    1                      0
    608 squad[312,6]                                    1                      0
   6682 lineup[308,1]                                   1                 -6.468
   6683 lineup[308,2]                                   1                -6.2305
   6684 lineup[308,3]                                   1              -3.900777
   6685 lineup[308,4]                                   1              -4.018834
   6686 lineup[308,5]                                   1              -3.720339
   6687 lineup[308,6]                                   1               -3.18536
   6688 lineup[355,1]                                   1                 -6.894
   6689 lineup[355,2]                                   1                -4.2534
   6690 lineup[355,3]                                   1              -5.539407
   6691 lineup[355,4]                                   1              -3.941454
   6692 lineup[355,5]                                   1              -3.241137
   6693 lineup[355,6]                                   1              -3.113036
   6706 lineup[373,1]                                   1                 -6.077
   6707 lineup[373,2]                                   1                -4.5798
   6708 lineup[373,3]                                   1              -4.507677
   6709 lineup[373,4]                                   1              -2.930604
   6710 lineup[373,5]                                   1              -2.665364
   6711 lineup[373,6]                                   1              -2.684417
   6712 lineup[19,1]                                    1                 -5.982
   6713 lineup[19,2]                                    1                -4.4863
   6714 lineup[19,3]                                    1              -4.163767
   6715 lineup[19,4]                                    1              -3.184238
   6716 lineup[19,5]                                    1               -2.86216
   6717 lineup[19,6]                                    1              -2.528233
   6742 lineup[361,1]                                   1                 -5.025
   6744 lineup[361,3]                                   1               -3.78012
   6745 lineup[361,4]                                   1              -3.437872
   6746 lineup[361,5]                                   1              -2.442467
   6747 lineup[361,6]                                   1              -2.692404
   6748 lineup[117,1]                                   1                 -5.182
   6749 lineup[117,2]                                   1                -4.4166
   6750 lineup[117,3]                                   1              -3.734602
   6751 lineup[117,4]                                   1              -3.381372
   6752 lineup[117,5]                                   1              -2.249847
   6753 lineup[117,6]                                   1              -2.399115
   6760 lineup[346,1]                                   1                 -4.994
   6762 lineup[346,3]                                   1              -3.786622
   6763 lineup[346,4]                                   1              -3.258547
   6764 lineup[346,5]                                   1              -2.392877
   6765 lineup[346,6]                                   1              -2.630285
   6766 lineup[134,1]                                   1                 -5.573
   6767 lineup[134,2]                                   1               -4.30355
   6768 lineup[134,3]                                   1              -3.642122
   6769 lineup[134,4]                                   1               -2.69478
   6770 lineup[134,5]                                   1              -2.220615
   6771 lineup[134,6]                                   1              -2.371605
   6778 lineup[371,1]                                   1                  -5.34
   6779 lineup[371,2]                                   1               -3.98055
   6780 lineup[371,3]                                   1              -3.876935
   6783 lineup[371,6]                                   1              -2.321466
   6791 lineup[206,2]                                   1               -3.67965
   6792 lineup[206,3]                                   1               -4.11825
   6793 lineup[206,4]                                   1              -3.367247
   6794 lineup[206,5]                                   1              -2.452385
   6814 lineup[23,1]                                    1                 -5.574
   6816 lineup[23,3]                                    1               -3.50557
   6817 lineup[23,4]                                    1              -2.506244
   6818 lineup[23,5]                                    1              -2.236275
   6819 lineup[23,6]                                    1              -2.093402
   6868 lineup[131,1]                                   1                 -5.554
   6869 lineup[131,2]                                   1                -3.7434
   6873 lineup[131,6]                                   1              -2.270884
   7015 lineup[1,4]                                     1              -2.391403
   7016 lineup[1,5]                                     1              -2.122999
   7019 lineup[301,2]                                   1                -4.2313
   7199 lineup[312,2]                                   1               -4.10805
   9767 captain[308,2]                                  1                -6.2305
   9769 captain[308,4]                                  1              -4.018834
   9770 captain[308,5]                                  1              -3.720339
   9771 captain[308,6]                                  1               -3.18536
   9772 captain[355,1]                                  1                 -6.894
   9774 captain[355,3]                                  1              -5.539407
  12850 vicecap[308,1]                                  1                -0.6468
  12859 vicecap[355,4]                                  1              -0.394145
  12860 vicecap[355,5]                                  1              -0.324114
  12861 vicecap[355,6]                                  1              -0.311304
  12875 vicecap[373,2]                                  1               -0.45798
  12876 vicecap[373,3]                                  1              -0.450768
  16178 bench[361,2,0]                                  1              -0.109344
  16251 bench[346,2,1]                                  1              -0.706681
  16331 bench[371,4,1]                                  1              -0.490588
  16335 bench[371,5,1]                                  1              -0.430702
  16368 bench[206,1,2]                                  1                 -0.216
  16388 bench[206,6,2]                                  1              -0.110722
  16469 bench[23,2,3]                                   1              -0.010044
  16687 bench[131,3,1]                                  1              -0.678818
  16693 bench[131,4,3]                                  1              -0.006036
  16697 bench[131,5,3]                                  1              -0.005058
  17255 bench[1,1,1]                                    1               -0.85281
  17260 bench[1,2,2]                                    1              -0.201705
  17264 bench[1,3,2]                                    1              -0.177908
  17277 bench[1,6,3]                                    1              -0.005326
  17278 bench[301,1,0]                                  1               -0.10806
  17286 bench[301,3,0]                                  1              -0.068883
  17290 bench[301,4,0]                                  1              -0.068684
  17294 bench[301,5,0]                                  1              -0.064332
  17298 bench[301,6,0]                                  1              -0.058929
  18001 bench[312,1,3]                                  1              -0.009744
  18009 bench[312,3,3]                                  1              -0.005685
  18012 bench[312,4,2]                                  1               -0.12355
  18016 bench[312,5,2]                                  1              -0.122149
  18019 bench[312,6,1]                                  1              -0.390975
  28270 transfer_in[308,1]                              1                 2.5952
  28276 transfer_in[355,1]                              1               2.906624
  28294 transfer_in[373,1]                              1               1.764736
  28300 transfer_in[19,1]                               1               1.764736
  28330 transfer_in[361,1]                              1               0.830464
  28336 transfer_in[117,1]                              1               1.660928
  28348 transfer_in[346,1]                              1               1.245696
  28354 transfer_in[134,1]                              1               1.349504
  28366 transfer_in[371,1]                              1               0.934272
  28378 transfer_in[206,1]                              1               1.141888
  28402 transfer_in[23,1]                               1               0.830464
  28456 transfer_in[131,1]                              1                1.03808
  28600 transfer_in[1,1]                                1               0.934272
  28606 transfer_in[301,1]                              1               0.830464
  28786 transfer_in[312,1]                              1               0.830464
  34438 itb[0]                                        100                      0
  34439 itb[1]                                        0.5                      0
  34440 itb[2]                                        0.5                      0
  34441 itb[3]                                        0.5                      0
  34442 itb[4]                                        0.5                      0
  34443 itb[5]                                        0.5                      0
  34444 itb[6]                                        0.5                      0
  34446 ft[1]                                           1                   -1.5
  34447 ft[2]                                           1                 -1.275
  34448 ft[3]                                           2               -1.08375
  34449 ft[4]                                           2              -0.921187
  34450 ft[5]                                           2              -0.783009
  34451 ft[6]                                           2              -0.665558
  34460 aux[3]                                          1                      0
  34461 aux[4]                                          1                      0
  34462 aux[5]                                          1                      0
  34463 aux[6]                                          1                      0
