Optimal (within gap tolerance) - objective value -174.28535550
      0 squad[308,4]                                    1                      0
      4 squad[355,4]                                    1                      0
      5 squad[355,5]                                    1                      0
      6 squad[355,6]                                    1                      0
      7 squad[355,7]                                    1                      0
      8 squad[19,4]                                     1                      0
      9 squad[19,5]                                     1                      0
     10 squad[19,6]                                     1                      0
     11 squad[19,7]                                     1                      0
     16 squad[108,4]                                    1                      0
     17 squad[108,5]                                    1                      0
     18 squad[108,6]                                    1                      0
     19 squad[108,7]                                    1                      0
     21 squad[216,5]                                    1                      0
     22 squad[216,6]                                    1                      0
     23 squad[216,7]                                    1                      0
     36 squad[373,4]                                    1                      0
     37 squad[373,5]                                    1                      0
     38 squad[373,6]                                    1                      0
     39 squad[373,7]                                    1                      0
     49 squad[437,5]                                    1                      0
     50 squad[437,6]                                    1                      0
     51 squad[437,7]                                    1                      0
     66 squad[430,6]                                    1                      0
     67 squad[430,7]                                    1                      0
     68 squad[143,4]                                    1                      0
     69 squad[143,5]                                    1                      0
     70 squad[143,6]                                    1                      0
     71 squad[143,7]                                    1                      0
     72 squad[131,4]                                    1                      0
     73 squad[131,5]                                    1                      0
     74 squad[131,6]                                    1                      0
     75 squad[131,7]                                    1                      0
    156 squad[519,4]                                    1                      0
    157 squad[519,5]                                    1                      0
    158 squad[519,6]                                    1                      0
    264 squad[195,4]                                    1                      0
    265 squad[195,5]                                    1                      0
    316 squad[112,4]                                    1                      0
    317 squad[112,5]                                    1                      0
    318 squad[112,6]                                    1                      0
    319 squad[112,7]                                    1                      0
    340 squad[230,4]                                    1                      0
    341 squad[230,5]                                    1                      0
    342 squad[230,6]                                    1                      0
    343 squad[230,7]                                    1                      0
    407 squad[614,7]                                    1                      0
    416 squad[197,4]                                    1                      0
    417 squad[197,5]                                    1                      0
    418 squad[197,6]                                    1                      0
    419 squad[197,7]                                    1                      0
    683 squad[553,7]                                    1                      0
    896 squad[82,4]                                     1                      0
   1324 squad[148,4]                                    1                      0
   1325 squad[148,5]                                    1                      0
   1326 squad[148,6]                                    1                      0
   1452 squad[538,4]                                    1                      0
   1453 squad[538,5]                                    1                      0
   1454 squad[538,6]                                    1                      0
   1455 squad[538,7]                                    1                      0
   2628 lineup[355,5]                                   1                 -6.206
   2629 lineup[355,6]                                   1                -5.9007
   2630 lineup[355,7]                                   1              -4.936843
   2631 lineup[19,5]                                    1                 -5.926
   2632 lineup[19,6]                                    1               -5.01755
   2633 lineup[19,7]                                    1              -4.342947
   2637 lineup[108,5]                                   1                 -4.695
   2638 lineup[108,6]                                   1                -4.9504
   2639 lineup[108,7]                                   1              -4.144982
   2640 lineup[216,5]                                   1                 -5.955
   2641 lineup[216,6]                                   1                -4.6359
   2642 lineup[216,7]                                   1              -4.128365
   2652 lineup[373,5]                                   1                 -4.664
   2653 lineup[373,6]                                   1               -4.85605
   2654 lineup[373,7]                                   1              -3.775785
   2661 lineup[437,5]                                   1                 -6.184
   2662 lineup[437,6]                                   1               -3.84115
   2663 lineup[437,7]                                   1              -3.501235
   2674 lineup[430,6]                                   1               -4.39195
   2675 lineup[430,7]                                   1              -4.503342
   2676 lineup[143,5]                                   1                 -4.363
   2677 lineup[143,6]                                   1               -4.38685
   2678 lineup[143,7]                                   1              -3.322777
   2679 lineup[131,5]                                   1                  -3.87
   2680 lineup[131,6]                                   1                -4.7039
   2681 lineup[131,7]                                   1              -3.042447
   2742 lineup[519,5]                                   1                 -5.422
   2823 lineup[195,5]                                   1                  -4.27
   2863 lineup[112,6]                                   1                -3.6074
   2880 lineup[230,5]                                   1                 -3.117
   2881 lineup[230,6]                                   1               -3.31925
   2930 lineup[614,7]                                   1              -5.191885
   3137 lineup[553,7]                                   1               -4.67024
   3754 captain[355,6]                                  1                -5.9007
   3786 captain[437,5]                                  1                 -6.184
   4055 captain[614,7]                                  1              -5.191885
   4878 vicecap[355,5]                                  1                -0.6206
   4880 vicecap[355,7]                                  1              -0.493684
   4882 vicecap[19,6]                                   1              -0.501755
   6474 bench[519,6,2]                                  1               -0.15402
   6950 bench[112,5,2]                                  1               -0.15498
   6957 bench[112,7,1]                                  1              -0.575038
   7028 bench[230,7,0]                                  1              -0.065697
   7249 bench[197,5,1]                                  1               -0.80451
   7253 bench[197,6,1]                                  1              -0.636531
   7258 bench[197,7,2]                                  1              -0.157794
   9972 bench[148,5,0]                                  1               -0.01827
   9976 bench[148,6,0]                                  1              -0.016243
  10359 bench[538,5,3]                                  1               -0.00051
  10363 bench[538,6,3]                                  1              -0.000421
  10367 bench[538,7,3]                                  1              -0.000832
  10515 transfer_in[216,5]                              1                 0.9261
  10536 transfer_in[437,5]                              1               0.848925
  10549 transfer_in[430,6]                              1              0.5110625
  10805 transfer_in[614,7]                              1              0.1625625
  11012 transfer_in[553,7]                              1              0.1625625
  11627 tr_out_first[519,7]                             1              -0.166175
  11629 tr_out_first[195,6]                             1                -0.4403
  11643 tr_out_reg[308,5]                               1             -1.6078125
  12315 tr_out_reg[82,5]                                1             -0.5788125
  12638 tr_out_reg[148,7]                               1               -0.15895
  12768 itb[4]                                        1.2                      0
  12769 itb[5]                                        4.4                      0
  12770 itb[6]                                        3.5                      0
  12771 itb[7]                                        3.5                      0
  12773 ft[5]                                           2                   -1.5
  12774 ft[6]                                           1                 -1.275
  12775 ft[7]                                           1               -1.08375
  12778 pt[7]                                           1                   2.89
