Optimal (within gap tolerance) - objective value -214.73838000
      1 squad[308,1]                                    1                       0
      2 squad[308,2]                                    1                       0
      3 squad[308,3]                                    1                       0
      4 squad[308,4]                                    1                       0
      6 squad[355,1]                                    1                       0
      7 squad[355,2]                                    1                       0
      8 squad[355,3]                                    1                       0
      9 squad[355,4]                                    1                       0
     16 squad[373,1]                                    1                       0
     17 squad[373,2]                                    1                       0
     18 squad[373,3]                                    1                       0
     19 squad[373,4]                                    1                       0
     36 squad[108,1]                                    1                       0
     37 squad[108,2]                                    1                       0
     38 squad[108,3]                                    1                       0
     39 squad[108,4]                                    1                       0
     41 squad[143,1]                                    1                       0
     42 squad[143,2]                                    1                       0
     43 squad[143,3]                                    1                       0
     44 squad[143,4]                                    1                       0
     66 squad[134,1]                                    1                       0
     67 squad[134,2]                                    1                       0
     68 squad[134,3]                                    1                       0
     69 squad[134,4]                                    1                       0
    111 squad[206,1]                                    1                       0
    112 squad[206,2]                                    1                       0
    113 squad[206,3]                                    1                       0
    114 squad[206,4]                                    1                       0
    136 squad[17,1]                                     1                       0
    137 squad[17,2]                                     1                       0
    138 squad[17,3]                                     1                       0
    139 squad[17,4]                                     1                       0
    141 squad[131,1]                                    1                       0
    142 squad[131,2]                                    1                       0
    143 squad[131,3]                                    1                       0
    144 squad[131,4]                                    1                       0
    151 squad[5,1]                                      1                       0
    152 squad[5,2]                                      1                       0
    153 squad[5,3]                                      1                       0
    154 squad[5,4]                                      1                       0
    171 squad[230,1]                                    1                       0
    172 squad[230,2]                                    1                       0
    173 squad[230,3]                                    1                       0
    174 squad[230,4]                                    1                       0
    181 squad[398,1]                                    1                       0
    182 squad[398,2]                                    1                       0
    183 squad[398,3]                                    1                       0
    184 squad[398,4]                                    1                       0
    241 squad[119,1]                                    1                       0
    242 squad[119,2]                                    1                       0
    243 squad[119,3]                                    1                       0
    244 squad[119,4]                                    1                       0
    296 squad[112,1]                                    1                       0
    297 squad[112,2]                                    1                       0
    298 squad[112,3]                                    1                       0
    299 squad[112,4]                                    1                       0
   1381 squad[538,1]                                    1                       0
   1382 squad[538,2]                                    1                       0
   1383 squad[538,3]                                    1                       0
   1384 squad[538,4]                                    1                       0
   3366 lineup[308,1]                                   1                  -6.376
   3367 lineup[308,2]                                   1                 -6.1438
   3368 lineup[308,3]                                   1               -3.848757
   3369 lineup[308,4]                                   1               -3.963563
   3370 lineup[355,1]                                   1                  -6.658
   3371 lineup[355,2]                                   1                 -4.1684
   3372 lineup[355,3]                                   1               -5.313987
   3373 lineup[355,4]                                   1               -3.820472
   3378 lineup[373,1]                                   1                  -6.035
   3379 lineup[373,2]                                   1                 -4.5526
   3380 lineup[373,3]                                   1               -4.472275
   3381 lineup[373,4]                                   1               -2.913409
   3394 lineup[108,1]                                   1                  -5.277
   3395 lineup[108,2]                                   1                 -4.2874
   3396 lineup[108,3]                                   1               -3.764947
   3397 lineup[108,4]                                   1                -3.40778
   3398 lineup[143,1]                                   1                  -5.592
   3399 lineup[143,2]                                   1                 -4.5288
   3400 lineup[143,3]                                   1               -3.782287
   3401 lineup[143,4]                                   1                -2.70215
   3418 lineup[134,1]                                   1                  -5.545
   3419 lineup[134,2]                                   1                  -4.284
   3420 lineup[134,3]                                   1               -3.625505
   3421 lineup[134,4]                                   1               -2.681884
   3455 lineup[206,2]                                   1                 -3.4425
   3456 lineup[206,3]                                   1               -3.884882
   3457 lineup[206,4]                                   1                -3.16213
   3474 lineup[17,1]                                    1                   -5.25
   3475 lineup[17,2]                                    1                 -3.2708
   3476 lineup[17,3]                                    1               -3.412367
   3478 lineup[131,1]                                   1                  -5.631
   3479 lineup[131,2]                                   1                -3.80375
   3486 lineup[5,1]                                     1                  -5.332
   3488 lineup[5,3]                                     1                -3.34662
   3489 lineup[5,4]                                     1                -2.32692
   3505 lineup[230,4]                                   1               -2.828046
   3510 lineup[398,1]                                   1                  -4.864
   3511 lineup[398,2]                                   1                 -3.2011
   3512 lineup[398,3]                                   1               -3.626227
   3558 lineup[119,1]                                   1                  -3.886
   3559 lineup[119,2]                                   1                  -3.315
   3560 lineup[119,3]                                   1               -2.776567
   3561 lineup[119,4]                                   1               -2.466326
   3605 lineup[112,4]                                   1               -2.752508
   4863 captain[308,2]                                  1                 -6.1438
   4865 captain[308,4]                                  1               -3.963563
   4866 captain[355,1]                                  1                  -6.658
   4868 captain[355,3]                                  1               -5.313987
   6358 vicecap[308,1]                                  1                 -0.6376
   6365 vicecap[355,4]                                  1               -0.382047
   6371 vicecap[373,2]                                  1                -0.45526
   6372 vicecap[373,3]                                  1               -0.447228
   8208 bench[206,1,2]                                  1                 -0.2007
   8298 bench[17,4,0]                                   1               -0.072405
   8311 bench[131,3,1]                                  1               -0.689438
   8315 bench[131,4,1]                                  1               -0.430618
   8339 bench[5,2,1]                                    1               -0.661521
   8398 bench[230,1,0]                                  1                -0.12978
   8402 bench[230,2,0]                                  1               -0.086751
   8406 bench[230,3,0]                                  1               -0.078442
   8444 bench[398,4,2]                                  1               -0.100409
   8799 bench[112,1,1]                                  1                -0.81669
   8804 bench[112,2,2]                                  1                -0.18513
   8808 bench[112,3,2]                                  1               -0.167504
  12273 bench[538,1,3]                                  1               -0.002763
  12277 bench[538,2,3]                                  1               -0.002282
  12281 bench[538,3,3]                                  1               -0.001821
  12285 bench[538,4,3]                                  1               -0.002008
  13838 transfer_in[308,1]                              1               1.9916375
  13842 transfer_in[355,1]                              1                2.230634
  13850 transfer_in[373,1]                              1               1.3543135
  13866 transfer_in[108,1]                              1               1.0356515
  13870 transfer_in[143,1]                              1               1.0356515
  13890 transfer_in[134,1]                              1               1.0356515
  13926 transfer_in[206,1]                              1               0.8763205
  13946 transfer_in[17,1]                               1                0.796655
  13950 transfer_in[131,1]                              1                0.796655
  13958 transfer_in[5,1]                                1                0.796655
  13974 transfer_in[230,1]                              1               0.7169895
  13982 transfer_in[398,1]                              1               0.8763205
  14030 transfer_in[119,1]                              1                0.955986
  14074 transfer_in[112,1]                              1               0.7169895
  14942 transfer_in[538,1]                              1               0.7169895
  16830 itb[0]                                        100                       0
  16836 ft[1]                                           1                    -1.5
  16837 ft[2]                                           1                  -1.275
  16838 ft[3]                                           2                -1.08375
  16839 ft[4]                                           2               -0.921187
  16846 aux[3]                                          1                       0
  16847 aux[4]                                          1                       0
