Optimal (within gap tolerance) - objective value -323.62931400
      1 squad[308,1]                                    1                       0
      2 squad[308,2]                                    1                       0
      3 squad[308,3]                                    1                       0
      4 squad[308,4]                                    1                       0
      5 squad[308,5]                                    1                       0
      6 squad[308,6]                                    1                       0
      7 squad[308,7]                                    1                       0
      8 squad[308,8]                                    1                       0
     28 squad[373,1]                                    1                       0
     29 squad[373,2]                                    1                       0
     30 squad[373,3]                                    1                       0
     31 squad[373,4]                                    1                       0
     32 squad[373,5]                                    1                       0
     33 squad[373,6]                                    1                       0
     34 squad[373,7]                                    1                       0
     35 squad[373,8]                                    1                       0
     46 squad[19,1]                                     1                       0
     47 squad[19,2]                                     1                       0
     48 squad[19,3]                                     1                       0
     49 squad[19,4]                                     1                       0
     50 squad[19,5]                                     1                       0
     51 squad[19,6]                                     1                       0
     52 squad[19,7]                                     1                       0
     53 squad[19,8]                                     1                       0
     64 squad[108,1]                                    1                       0
     65 squad[108,2]                                    1                       0
     66 squad[108,3]                                    1                       0
     67 squad[108,4]                                    1                       0
     68 squad[108,5]                                    1                       0
     69 squad[108,6]                                    1                       0
     70 squad[108,7]                                    1                       0
     71 squad[108,8]                                    1                       0
     73 squad[143,1]                                    1                       0
     74 squad[143,2]                                    1                       0
     75 squad[143,3]                                    1                       0
     76 squad[143,4]                                    1                       0
     77 squad[143,5]                                    1                       0
     78 squad[143,6]                                    1                       0
     79 squad[143,7]                                    1                       0
     80 squad[143,8]                                    1                       0
     82 squad[8,1]                                      1                       0
     83 squad[8,2]                                      1                       0
     84 squad[8,3]                                      1                       0
     85 squad[8,4]                                      1                       0
     86 squad[8,5]                                      1                       0
     87 squad[8,6]                                      1                       0
     88 squad[8,7]                                      1                       0
     89 squad[8,8]                                      1                       0
     91 squad[430,1]                                    1                       0
     92 squad[430,2]                                    1                       0
     93 squad[430,3]                                    1                       0
     94 squad[430,4]                                    1                       0
     95 squad[430,5]                                    1                       0
     96 squad[430,6]                                    1                       0
     97 squad[430,7]                                    1                       0
     98 squad[430,8]                                    1                       0
    163 squad[278,1]                                    1                       0
    164 squad[278,2]                                    1                       0
    165 squad[278,3]                                    1                       0
    166 squad[278,4]                                    1                       0
    167 squad[278,5]                                    1                       0
    168 squad[278,6]                                    1                       0
    169 squad[278,7]                                    1                       0
    170 squad[278,8]                                    1                       0
    199 squad[206,1]                                    1                       0
    200 squad[206,2]                                    1                       0
    201 squad[206,3]                                    1                       0
    202 squad[206,4]                                    1                       0
    203 squad[206,5]                                    1                       0
    204 squad[206,6]                                    1                       0
    205 squad[206,7]                                    1                       0
    206 squad[206,8]                                    1                       0
    253 squad[131,1]                                    1                       0
    254 squad[131,2]                                    1                       0
    255 squad[131,3]                                    1                       0
    256 squad[131,4]                                    1                       0
    257 squad[131,5]                                    1                       0
    258 squad[131,6]                                    1                       0
    259 squad[131,7]                                    1                       0
    260 squad[131,8]                                    1                       0
    271 squad[5,1]                                      1                       0
    272 squad[5,2]                                      1                       0
    273 squad[5,3]                                      1                       0
    274 squad[5,4]                                      1                       0
    275 squad[5,5]                                      1                       0
    276 squad[5,6]                                      1                       0
    277 squad[5,7]                                      1                       0
    278 squad[5,8]                                      1                       0
    307 squad[230,1]                                    1                       0
    308 squad[230,2]                                    1                       0
    309 squad[230,3]                                    1                       0
    310 squad[230,4]                                    1                       0
    311 squad[230,5]                                    1                       0
    312 squad[230,6]                                    1                       0
    313 squad[230,7]                                    1                       0
    314 squad[230,8]                                    1                       0
    352 squad[148,1]                                    1                       0
    353 squad[148,2]                                    1                       0
    354 squad[148,3]                                    1                       0
    355 squad[148,4]                                    1                       0
    356 squad[148,5]                                    1                       0
    357 squad[148,6]                                    1                       0
    358 squad[148,7]                                    1                       0
    359 squad[148,8]                                    1                       0
    532 squad[112,1]                                    1                       0
    533 squad[112,2]                                    1                       0
    534 squad[112,3]                                    1                       0
    535 squad[112,4]                                    1                       0
    536 squad[112,5]                                    1                       0
    537 squad[112,6]                                    1                       0
    538 squad[112,7]                                    1                       0
    539 squad[112,8]                                    1                       0
   2485 squad[538,1]                                    1                       0
   2486 squad[538,2]                                    1                       0
   2487 squad[538,3]                                    1                       0
   2488 squad[538,4]                                    1                       0
   2489 squad[538,5]                                    1                       0
   2490 squad[538,6]                                    1                       0
   2491 squad[538,7]                                    1                       0
   2492 squad[538,8]                                    1                       0
   6358 lineup[308,1]                                   1                  -6.376
   6359 lineup[308,2]                                   1                 -6.1438
   6360 lineup[308,3]                                   1               -3.848757
   6361 lineup[308,4]                                   1               -3.963563
   6362 lineup[308,5]                                   1               -3.667094
   6363 lineup[308,6]                                   1               -3.140102
   6364 lineup[308,7]                                   1               -2.454866
   6365 lineup[308,8]                                   1               -1.769265
   6382 lineup[373,1]                                   1                  -6.035
   6383 lineup[373,2]                                   1                 -4.5526
   6384 lineup[373,3]                                   1               -4.472275
   6385 lineup[373,4]                                   1               -2.913409
   6386 lineup[373,5]                                   1               -2.646572
   6387 lineup[373,6]                                   1               -2.662232
   6388 lineup[373,7]                                   1               -2.125615
   6389 lineup[373,8]                                   1               -1.751633
   6398 lineup[19,1]                                    1                  -5.962
   6399 lineup[19,2]                                    1                -4.47015
   6400 lineup[19,3]                                    1                -4.15004
   6401 lineup[19,4]                                    1               -3.173184
   6402 lineup[19,5]                                    1                -2.85172
   6403 lineup[19,6]                                    1               -2.519802
   6404 lineup[19,7]                                    1               -2.140324
   6405 lineup[19,8]                                    1               -1.409577
   6414 lineup[108,1]                                   1                  -5.277
   6415 lineup[108,2]                                   1                 -4.2874
   6416 lineup[108,3]                                   1               -3.764947
   6417 lineup[108,4]                                   1                -3.40778
   6418 lineup[108,5]                                   1               -2.221137
   6419 lineup[108,6]                                   1               -2.391572
   6420 lineup[108,7]                                   1                -2.02039
   6421 lineup[108,8]                                   1               -1.469525
   6422 lineup[143,1]                                   1                  -5.592
   6423 lineup[143,2]                                   1                 -4.5288
   6424 lineup[143,3]                                   1               -3.782287
   6425 lineup[143,4]                                   1                -2.70215
   6426 lineup[143,5]                                   1               -2.433593
   6427 lineup[143,6]                                   1               -2.431061
   6428 lineup[143,7]                                   1               -1.813712
   6429 lineup[143,8]                                   1               -1.429133
   6430 lineup[8,1]                                     1                  -5.198
   6431 lineup[8,2]                                     1                 -4.1633
   6432 lineup[8,3]                                     1                -3.75411
   6433 lineup[8,4]                                     1               -2.850154
   6434 lineup[8,5]                                     1               -2.684678
   6435 lineup[8,6]                                     1               -2.202109
   6436 lineup[8,7]                                     1               -1.932137
   6437 lineup[8,8]                                     1               -1.357323
   6438 lineup[430,1]                                   1                  -4.876
   6440 lineup[430,3]                                   1               -3.192727
   6441 lineup[430,4]                                   1                -2.52344
   6442 lineup[430,5]                                   1               -2.741055
   6443 lineup[430,6]                                   1               -2.569941
   6444 lineup[430,7]                                   1               -2.452226
   6445 lineup[430,8]                                   1               -1.630455
   6502 lineup[278,1]                                   1                  -4.623
   6503 lineup[278,2]                                   1                -3.67115
   6506 lineup[278,5]                                   1               -2.901311
   6507 lineup[278,6]                                   1                -1.94476
   6508 lineup[278,7]                                   1               -1.671527
   6509 lineup[278,8]                                   1               -1.781767
   6535 lineup[206,2]                                   1                 -3.4425
   6536 lineup[206,3]                                   1               -3.884882
   6537 lineup[206,4]                                   1                -3.16213
   6538 lineup[206,5]                                   1               -2.296305
   6540 lineup[206,7]                                   1               -1.558382
   6541 lineup[206,8]                                   1               -1.452535
   6582 lineup[131,1]                                   1                  -5.631
   6583 lineup[131,2]                                   1                -3.80375
   6584 lineup[131,3]                                   1                -3.28304
   6587 lineup[131,6]                                   1               -2.304162
   6589 lineup[131,8]                                   1               -1.076818
   6598 lineup[5,1]                                     1                  -5.332
   6599 lineup[5,2]                                     1                 -3.1501
   6600 lineup[5,3]                                     1                -3.34662
   6601 lineup[5,4]                                     1                -2.32692
   6602 lineup[5,5]                                     1               -2.103685
   6603 lineup[5,6]                                     1               -1.990906
   6604 lineup[5,7]                                     1               -1.584028
   6633 lineup[230,4]                                   1               -2.828046
   6634 lineup[230,5]                                   1               -1.851034
   6637 lineup[230,8]                                   1               -1.522741
   6670 lineup[148,1]                                   1                  -5.165
   6671 lineup[148,2]                                   1                 -3.4901
   6672 lineup[148,3]                                   1               -3.048227
   6675 lineup[148,6]                                   1               -2.098726
   6676 lineup[148,7]                                   1                -1.28344
   6833 lineup[112,4]                                   1               -2.752508
   9350 captain[308,1]                                  1                  -6.376
   9351 captain[308,2]                                  1                 -6.1438
   9353 captain[308,4]                                  1               -3.963563
   9354 captain[308,5]                                  1               -3.667094
   9355 captain[308,6]                                  1               -3.140102
   9356 captain[308,7]                                  1               -2.454866
   9376 captain[373,3]                                  1               -4.472275
   9501 captain[278,8]                                  1               -1.781767
  12349 vicecap[308,8]                                  1               -0.176926
  12366 vicecap[373,1]                                  1                 -0.6035
  12367 vicecap[373,2]                                  1                -0.45526
  12371 vicecap[373,6]                                  1               -0.266223
  12384 vicecap[19,3]                                   1               -0.415004
  12401 vicecap[108,4]                                  1               -0.340778
  12428 vicecap[430,7]                                  1               -0.245223
  12490 vicecap[278,5]                                  1               -0.290131
  15660 bench[430,2,2]                                  1               -0.171207
  15920 bench[278,3,2]                                  1               -0.166551
  15923 bench[278,4,1]                                  1               -0.486332
  16040 bench[206,1,2]                                  1                 -0.2007
  16060 bench[206,6,2]                                  1               -0.103002
  16244 bench[131,4,2]                                  1               -0.123034
  16247 bench[131,5,1]                                  1               -0.360983
  16256 bench[131,7,2]                                  1               -0.076712
  16324 bench[5,8,2]                                    1                -0.04951
  16422 bench[230,1,0]                                  1                -0.12978
  16426 bench[230,2,0]                                  1               -0.086751
  16430 bench[230,3,0]                                  1               -0.078442
  16442 bench[230,6,0]                                  1               -0.058769
  16446 bench[230,7,0]                                  1               -0.038469
  16594 bench[148,4,0]                                  1               -0.061167
  16598 bench[148,5,0]                                  1               -0.051522
  16610 bench[148,8,0]                                  1               -0.031987
  17223 bench[112,1,1]                                  1                -0.81669
  17227 bench[112,2,1]                                  1               -0.647955
  17231 bench[112,3,1]                                  1               -0.586265
  17240 bench[112,5,2]                                  1               -0.082498
  17243 bench[112,6,1]                                  1               -0.396007
  17247 bench[112,7,1]                                  1               -0.313638
  17251 bench[112,8,1]                                  1               -0.202435
  24169 bench[538,1,3]                                  1               -0.002763
  24173 bench[538,2,3]                                  1               -0.002282
  24177 bench[538,3,3]                                  1               -0.001821
  24181 bench[538,4,3]                                  1               -0.002008
  24185 bench[538,5,3]                                  1               -0.001336
  24189 bench[538,6,3]                                  1               -0.001129
  24193 bench[538,7,3]                                  1               -0.001228
  24197 bench[538,8,3]                                  1               -0.000815
  27302 transfer_in[308,1]                              1                3.031275
  27326 transfer_in[373,1]                              1                2.061267
  27342 transfer_in[19,1]                               1                2.061267
  27358 transfer_in[108,1]                              1                1.576263
  27366 transfer_in[143,1]                              1                1.576263
  27374 transfer_in[8,1]                                1                1.940016
  27382 transfer_in[430,1]                              1                1.576263
  27446 transfer_in[278,1]                              1                1.818765
  27478 transfer_in[206,1]                              1                1.333761
  27526 transfer_in[131,1]                              1                 1.21251
  27542 transfer_in[5,1]                                1                 1.21251
  27574 transfer_in[230,1]                              1                1.091259
  27614 transfer_in[148,1]                              1                1.091259
  27774 transfer_in[112,1]                              1                1.091259
  29510 transfer_in[538,1]                              1                1.091259
  33286 itb[0]                                        100                       0
  33287 itb[1]                                          2                       0
  33288 itb[2]                                          2           2.7755576e-17
  33289 itb[3]                                          2           1.3877788e-17
  33290 itb[4]                                          2                       0
  33291 itb[5]                                          2                       0
  33292 itb[6]                                          2                       0
  33293 itb[7]                                          2            3.469447e-18
  33294 itb[8]                                          2                       0
  33296 ft[1]                                           1                    -1.5
  33297 ft[2]                                           1                  -1.275
  33298 ft[3]                                           2                -1.08375
  33299 ft[4]                                           2               -0.921187
  33300 ft[5]                                           2               -0.783009
  33301 ft[6]                                           2               -0.665558
  33302 ft[7]                                           2               -0.565724
  33303 ft[8]                                           2               -0.480866
  33314 aux[3]                                          1                       0
  33315 aux[4]                                          1                       0
  33316 aux[5]                                          1                       0
  33317 aux[6]                                          1                       0
  33318 aux[7]                                          1                       0
  33319 aux[8]                                          1                       0
