Optimal (within gap tolerance) - objective value -274.21020899
      0 squad[318,21]                                    1                       0
      1 squad[318,22]                                    1                       0
      2 squad[318,23]                                    1                       0
      3 squad[318,24]                                    1                       0
      4 squad[318,25]                                    1                       0
      5 squad[318,26]                                    1                       0
      6 squad[13,21]                                     1                       0
      7 squad[13,22]                                     1                       0
      8 squad[13,23]                                     1                       0
      9 squad[13,24]                                     1                       0
     10 squad[13,25]                                     1                       0
     11 squad[13,26]                                     1                       0
     18 squad[335,21]                                    1                       0
     19 squad[335,22]                                    1                       0
     20 squad[335,23]                                    1                       0
     21 squad[335,24]                                    1                       0
     22 squad[335,25]                                    1                       0
     23 squad[335,26]                                    1                       0
     25 squad[333,22]                                    1                       0
     31 squad[7,22]                                      1                       0
     32 squad[7,23]                                      1                       0
     33 squad[7,24]                                      1                       0
     34 squad[7,25]                                      1                       0
     35 squad[7,26]                                      1                       0
     36 squad[301,21]                                    1                       0
     38 squad[301,23]                                    1                       0
     48 squad[332,21]                                    1                       0
     49 squad[332,22]                                    1                       0
     50 squad[332,23]                                    1                       0
     51 squad[332,24]                                    1                       0
     52 squad[332,25]                                    1                       0
     53 squad[332,26]                                    1                       0
     61 squad[26,22]                                     1                       0
     62 squad[26,23]                                     1                       0
     63 squad[26,24]                                     1                       0
     64 squad[26,25]                                     1                       0
     65 squad[26,26]                                     1                       0
     66 squad[307,21]                                    1                       0
     67 squad[307,22]                                    1                       0
     68 squad[307,23]                                    1                       0
     69 squad[307,24]                                    1                       0
     70 squad[307,25]                                    1                       0
     71 squad[307,26]                                    1                       0
     72 squad[16,21]                                     1                       0
     78 squad[133,21]                                    1                       0
     97 squad[285,22]                                    1                       0
     98 squad[285,23]                                    1                       0
     99 squad[285,24]                                    1                       0
    100 squad[285,25]                                    1                       0
    101 squad[285,26]                                    1                       0
    120 squad[357,21]                                    1                       0
    121 squad[357,22]                                    1                       0
    122 squad[357,23]                                    1                       0
    123 squad[357,24]                                    1                       0
    124 squad[357,25]                                    1                       0
    125 squad[357,26]                                    1                       0
    129 squad[407,24]                                    1                       0
    130 squad[407,25]                                    1                       0
    131 squad[407,26]                                    1                       0
    151 squad[238,22]                                    1                       0
    152 squad[238,23]                                    1                       0
    153 squad[238,24]                                    1                       0
    154 squad[238,25]                                    1                       0
    155 squad[238,26]                                    1                       0
    211 squad[586,22]                                    1                       0
    212 squad[586,23]                                    1                       0
    213 squad[586,24]                                    1                       0
    214 squad[586,25]                                    1                       0
    215 squad[586,26]                                    1                       0
    270 squad[210,21]                                    1                       0
    330 squad[358,21]                                    1                       0
    343 squad[225,22]                                    1                       0
    344 squad[225,23]                                    1                       0
    345 squad[225,24]                                    1                       0
    346 squad[225,25]                                    1                       0
    347 squad[225,26]                                    1                       0
    349 squad[619,22]                                    1                       0
    350 squad[619,23]                                    1                       0
    378 squad[160,21]                                    1                       0
    528 squad[346,21]                                    1                       0
    541 squad[596,22]                                    1                       0
    542 squad[596,23]                                    1                       0
    543 squad[596,24]                                    1                       0
    544 squad[596,25]                                    1                       0
    545 squad[596,26]                                    1                       0
    888 squad[345,21]                                    1                       0
   1263 squad[237,24]                                    1                       0
   1264 squad[237,25]                                    1                       0
   1265 squad[237,26]                                    1                       0
   2022 squad[112,21]                                    1                       0
   5588 lineup[318,22]                                   1               -6.293126
   5589 lineup[318,23]                                   1               -9.204082
   5590 lineup[318,24]                                   1               -5.456207
   5591 lineup[318,25]                                   1               -2.849021
   5592 lineup[318,26]                                   1                -2.67396
   5593 lineup[13,22]                                    1               -5.577662
   5594 lineup[13,23]                                    1               -8.282112
   5595 lineup[13,24]                                    1               -3.645867
   5596 lineup[13,25]                                    1               -3.082262
   5597 lineup[13,26]                                    1               -1.698207
   5603 lineup[335,22]                                   1               -11.89662
   5604 lineup[335,23]                                   1               -4.594387
   5606 lineup[335,25]                                   1               -2.400635
   5607 lineup[335,26]                                   1               -1.373553
   5608 lineup[333,22]                                   1               -10.07206
   5613 lineup[7,22]                                     1               -4.667645
   5614 lineup[7,23]                                     1               -6.965682
   5615 lineup[7,24]                                     1               -2.903965
   5616 lineup[7,25]                                     1               -2.504867
   5617 lineup[7,26]                                     1               -2.029169
   5619 lineup[301,23]                                   1               -9.493177
   5628 lineup[332,22]                                   1                -10.4465
   5629 lineup[332,23]                                   1               -3.695695
   5630 lineup[332,24]                                   1               -2.875277
   5631 lineup[332,25]                                   1               -2.421894
   5639 lineup[26,23]                                    1               -6.394796
   5640 lineup[26,24]                                    1               -2.972807
   5641 lineup[26,25]                                    1               -2.340268
   5642 lineup[26,26]                                    1               -2.013229
   5644 lineup[307,23]                                   1               -6.038079
   5645 lineup[307,24]                                   1               -2.996815
   5646 lineup[307,25]                                   1               -2.314251
   5647 lineup[307,26]                                   1               -1.748925
   5668 lineup[285,22]                                   1               -4.597912
   5669 lineup[285,23]                                   1               -4.919394
   5670 lineup[285,24]                                   1               -2.784073
   5671 lineup[285,25]                                   1                -2.29022
   5672 lineup[285,26]                                   1               -1.829401
   5688 lineup[357,22]                                   1               -5.355151
   5689 lineup[357,23]                                   1               -4.116709
   5690 lineup[357,24]                                   1               -2.495857
   5691 lineup[357,25]                                   1               -1.883215
   5692 lineup[357,26]                                   1               -1.476746
   5695 lineup[407,24]                                   1               -2.826485
   5696 lineup[407,25]                                   1               -2.187153
   5697 lineup[407,26]                                   1               -1.999584
   5713 lineup[238,22]                                   1               -6.547107
   5764 lineup[586,23]                                   1               -4.051397
   5767 lineup[586,26]                                   1               -1.748928
   5873 lineup[225,22]                                   1                 -7.1648
   5875 lineup[225,24]                                   1               -1.773582
   5878 lineup[619,22]                                   1               -7.279704
   6040 lineup[596,24]                                   1               -2.694937
   6042 lineup[596,26]                                   1               -2.041393
   6641 lineup[237,25]                                   1               -1.561663
   8130 captain[318,24]                                  1               -5.456207
   8132 captain[318,26]                                  1                -2.67396
   8136 captain[13,25]                                   1               -3.082262
   8143 captain[335,22]                                  1               -11.89662
   8159 captain[301,23]                                  1               -9.493177
  10669 vicecap[318,23]                                  1              -0.9204082
  10671 vicecap[318,25]                                  1              -0.2849021
  10675 vicecap[13,24]                                   1              -0.3645867
  10708 vicecap[332,22]                                  1                -1.04465
  11122 vicecap[596,26]                                  1              -0.2041393
  13277 bench[335,24,1]                                  1              -0.4718476
  13386 bench[332,26,2]                                  1             -0.07218194
  13409 bench[26,22,1]                                   1              -0.8247226
  13428 bench[307,22,0]                                  1              -0.1026216
  13712 bench[238,23,0]                                  1             -0.07698989
  13716 bench[238,24,0]                                  1             -0.07247167
  13720 bench[238,25,0]                                  1             -0.06698352
  13724 bench[238,26,0]                                  1             -0.04290448
  13910 bench[586,22,2]                                  1              -0.2288732
  13918 bench[586,24,2]                                  1              -0.1280036
  13921 bench[586,25,1]                                  1               -0.294287
  14353 bench[225,23,1]                                  1              -0.6793019
  14363 bench[225,25,3]                                  1             -0.00104316
  14367 bench[225,26,3]                                  1            -0.002677872
  14374 bench[619,23,2]                                  1              -0.1419978
  15011 bench[596,22,3]                                  1             -0.00709221
  15015 bench[596,23,3]                                  1            -0.006978307
  15022 bench[596,25,2]                                  1             -0.06751689
  17419 bench[237,24,3]                                  1            -0.004694416
  17425 bench[237,26,1]                                  1                -0.14236
  23388 transfer_in[333,22]                              1               6.9218617
  23393 transfer_in[7,22]                                1               4.8243279
  23399 transfer_in[301,23]                              1               6.2397244
  23418 transfer_in[26,22]                               1               3.7056431
  23448 transfer_in[285,22]                              1                5.103999
  23475 transfer_in[407,24]                              1               2.0781033
  23493 transfer_in[238,22]                              1               3.1463008
  23543 transfer_in[586,22]                              1               3.1463008
  23653 transfer_in[225,22]                              1               4.4747389
  23658 transfer_in[619,22]                              1               3.4958898
  23818 transfer_in[596,22]                              1               3.2162186
  24420 transfer_in[237,24]                              1               1.3742296
  25908 tr_out_first[133,22]                             1              -3.1463008
  25918 tr_out_first[358,22]                             1              -3.1463008
  25938 tr_out_first[210,22]                             1              -4.8243279
  25964 tr_out_reg[333,23]                               1              -4.9418617
  25973 tr_out_reg[301,22]                               1              -8.7397244
  25975 tr_out_reg[301,24]                               1              -4.1897244
  26003 tr_out_reg[16,22]                                1              -3.6357253
  26235 tr_out_reg[619,24]                               1              -1.6758898
  26258 tr_out_reg[160,22]                               1               -5.103999
  26383 tr_out_reg[346,22]                               1              -3.1463008
  26683 tr_out_reg[345,22]                               1              -4.5446567
  27628 tr_out_reg[112,22]                               1              -3.5658075
  28483 itb[21]                                        0.2                       0
  28484 itb[22]                                        2.8           5.5511151e-17
  28485 itb[23]                                        0.2                       0
  28486 itb[24]                                        7.4           2.7755576e-17
  28487 itb[25]                                        7.4           1.3877788e-17
  28488 itb[26]                                        7.4                       0
  28490 ft[22]                                           2                    -1.5
  28491 ft[23]                                           1                   -1.23
  28492 ft[24]                                           1                 -1.0086
  28493 ft[25]                                           1               -0.827052
  28494 ft[26]                                           2              -0.6781826
  28497 pt[24]                                           1                  2.6896
  28504 aux[26]                                          1                       0
  28505 use_wc[22]                                       1                       0
