Optimal (within gap tolerance) - objective value -1116.51801200
      0 squad[308,5]                                     1                      0
      1 squad[308,6]                                     1                      0
      2 squad[308,7]                                     1                      0
      3 squad[308,8]                                     1                      0
      4 squad[308,9]                                     1                      0
      5 squad[308,10]                                    1                      0
      6 squad[308,11]                                    1                      0
      7 squad[308,12]                                    1                      0
      9 squad[308,14]                                    1                      0
     10 squad[308,15]                                    1                      0
     11 squad[308,16]                                    1                      0
     12 squad[308,17]                                    1                      0
     13 squad[308,18]                                    1                      0
     14 squad[308,19]                                    1                      0
     15 squad[308,20]                                    1                      0
     16 squad[308,21]                                    1                      0
     17 squad[355,5]                                     1                      0
     25 squad[355,13]                                    1                      0
     26 squad[355,14]                                    1                      0
     27 squad[355,15]                                    1                      0
     28 squad[355,16]                                    1                      0
     31 squad[355,19]                                    1                      0
     32 squad[355,20]                                    1                      0
     33 squad[355,21]                                    1                      0
     35 squad[516,6]                                     1                      0
     36 squad[516,7]                                     1                      0
     37 squad[516,8]                                     1                      0
     38 squad[516,9]                                     1                      0
     39 squad[516,10]                                    1                      0
     40 squad[516,11]                                    1                      0
     41 squad[516,12]                                    1                      0
     42 squad[516,13]                                    1                      0
     46 squad[516,17]                                    1                      0
     47 squad[516,18]                                    1                      0
     48 squad[516,19]                                    1                      0
     49 squad[516,20]                                    1                      0
     50 squad[516,21]                                    1                      0
     51 squad[19,5]                                      1                      0
     52 squad[19,6]                                      1                      0
     53 squad[19,7]                                      1                      0
     54 squad[19,8]                                      1                      0
     55 squad[19,9]                                      1                      0
     56 squad[19,10]                                     1                      0
     57 squad[19,11]                                     1                      0
     58 squad[19,12]                                     1                      0
     59 squad[19,13]                                     1                      0
     60 squad[19,14]                                     1                      0
     61 squad[19,15]                                     1                      0
     62 squad[19,16]                                     1                      0
     68 squad[108,5]                                     1                      0
     69 squad[108,6]                                     1                      0
     70 squad[108,7]                                     1                      0
     71 squad[108,8]                                     1                      0
     72 squad[108,9]                                     1                      0
     73 squad[108,10]                                    1                      0
     74 squad[108,11]                                    1                      0
     75 squad[108,12]                                    1                      0
     76 squad[108,13]                                    1                      0
     77 squad[108,14]                                    1                      0
     78 squad[108,15]                                    1                      0
     79 squad[108,16]                                    1                      0
     80 squad[108,17]                                    1                      0
     82 squad[108,19]                                    1                      0
     83 squad[108,20]                                    1                      0
     84 squad[108,21]                                    1                      0
     93 squad[526,13]                                    1                      0
    114 squad[504,17]                                    1                      0
    115 squad[504,18]                                    1                      0
    119 squad[373,5]                                     1                      0
    120 squad[373,6]                                     1                      0
    121 squad[373,7]                                     1                      0
    122 squad[373,8]                                     1                      0
    123 squad[373,9]                                     1                      0
    141 squad[140,10]                                    1                      0
    142 squad[140,11]                                    1                      0
    143 squad[140,12]                                    1                      0
    144 squad[140,13]                                    1                      0
    145 squad[140,14]                                    1                      0
    146 squad[140,15]                                    1                      0
    147 squad[140,16]                                    1                      0
    165 squad[216,17]                                    1                      0
    166 squad[216,18]                                    1                      0
    167 squad[216,19]                                    1                      0
    168 squad[216,20]                                    1                      0
    169 squad[216,21]                                    1                      0
    183 squad[599,18]                                    1                      0
    184 squad[599,19]                                    1                      0
    185 squad[599,20]                                    1                      0
    186 squad[599,21]                                    1                      0
    213 squad[226,14]                                    1                      0
    214 squad[226,15]                                    1                      0
    221 squad[131,5]                                     1                      0
    222 squad[131,6]                                     1                      0
    223 squad[131,7]                                     1                      0
    224 squad[131,8]                                     1                      0
    225 squad[131,9]                                     1                      0
    226 squad[131,10]                                    1                      0
    227 squad[131,11]                                    1                      0
    228 squad[131,12]                                    1                      0
    229 squad[131,13]                                    1                      0
    230 squad[131,14]                                    1                      0
    231 squad[131,15]                                    1                      0
    232 squad[131,16]                                    1                      0
    233 squad[131,17]                                    1                      0
    234 squad[131,18]                                    1                      0
    235 squad[131,19]                                    1                      0
    236 squad[131,20]                                    1                      0
    237 squad[131,21]                                    1                      0
    273 squad[225,6]                                     1                      0
    274 squad[225,7]                                     1                      0
    275 squad[225,8]                                     1                      0
    276 squad[225,9]                                     1                      0
    277 squad[225,10]                                    1                      0
    278 squad[225,11]                                    1                      0
    279 squad[225,12]                                    1                      0
    280 squad[225,13]                                    1                      0
    281 squad[225,14]                                    1                      0
    282 squad[225,15]                                    1                      0
    283 squad[225,16]                                    1                      0
    289 squad[143,5]                                     1                      0
    318 squad[343,17]                                    1                      0
    319 squad[343,18]                                    1                      0
    320 squad[343,19]                                    1                      0
    321 squad[343,20]                                    1                      0
    322 squad[343,21]                                    1                      0
    343 squad[132,8]                                     1                      0
    344 squad[132,9]                                     1                      0
    345 squad[132,10]                                    1                      0
    346 squad[132,11]                                    1                      0
    347 squad[132,12]                                    1                      0
    348 squad[132,13]                                    1                      0
    368 squad[365,16]                                    1                      0
    437 squad[85,17]                                     1                      0
    438 squad[85,18]                                     1                      0
    446 squad[36,9]                                      1                      0
    447 squad[36,10]                                     1                      0
    448 squad[36,11]                                     1                      0
    449 squad[36,12]                                     1                      0
    450 squad[36,13]                                     1                      0
    451 squad[36,14]                                     1                      0
    452 squad[36,15]                                     1                      0
    454 squad[36,17]                                     1                      0
    455 squad[36,18]                                     1                      0
    456 squad[36,19]                                     1                      0
    457 squad[36,20]                                     1                      0
    458 squad[36,21]                                     1                      0
    460 squad[220,6]                                     1                      0
    461 squad[220,7]                                     1                      0
    462 squad[220,8]                                     1                      0
    463 squad[220,9]                                     1                      0
    464 squad[220,10]                                    1                      0
    465 squad[220,11]                                    1                      0
    466 squad[220,12]                                    1                      0
    467 squad[220,13]                                    1                      0
    468 squad[220,14]                                    1                      0
    469 squad[220,15]                                    1                      0
    470 squad[220,16]                                    1                      0
    519 squad[119,14]                                    1                      0
    520 squad[119,15]                                    1                      0
    521 squad[119,16]                                    1                      0
    544 squad[511,5]                                     1                      0
    545 squad[511,6]                                     1                      0
    546 squad[511,7]                                     1                      0
    547 squad[511,8]                                     1                      0
    548 squad[511,9]                                     1                      0
    549 squad[511,10]                                    1                      0
    550 squad[511,11]                                    1                      0
    551 squad[511,12]                                    1                      0
    556 squad[511,17]                                    1                      0
    557 squad[511,18]                                    1                      0
    558 squad[511,19]                                    1                      0
    559 squad[511,20]                                    1                      0
    560 squad[511,21]                                    1                      0
    599 squad[291,9]                                     1                      0
    600 squad[291,10]                                    1                      0
    601 squad[291,11]                                    1                      0
    602 squad[291,12]                                    1                      0
    603 squad[291,13]                                    1                      0
    604 squad[291,14]                                    1                      0
    692 squad[275,17]                                    1                      0
    693 squad[275,18]                                    1                      0
    694 squad[275,19]                                    1                      0
    695 squad[275,20]                                    1                      0
    696 squad[275,21]                                    1                      0
    726 squad[405,17]                                    1                      0
    727 squad[405,18]                                    1                      0
    728 squad[405,19]                                    1                      0
    729 squad[405,20]                                    1                      0
    730 squad[405,21]                                    1                      0
    826 squad[569,15]                                    1                      0
    827 squad[569,16]                                    1                      0
    841 squad[281,13]                                    1                      0
    842 squad[281,14]                                    1                      0
    843 squad[281,15]                                    1                      0
    844 squad[281,16]                                    1                      0
    856 squad[524,11]                                    1                      0
    857 squad[524,12]                                    1                      0
    858 squad[524,13]                                    1                      0
    859 squad[524,14]                                    1                      0
    860 squad[524,15]                                    1                      0
    861 squad[524,16]                                    1                      0
    981 squad[145,17]                                    1                      0
    982 squad[145,18]                                    1                      0
    983 squad[145,19]                                    1                      0
    984 squad[145,20]                                    1                      0
    985 squad[145,21]                                    1                      0
   1005 squad[168,7]                                     1                      0
   1048 squad[129,16]                                    1                      0
   1134 squad[203,17]                                    1                      0
   1135 squad[203,18]                                    1                      0
   1136 squad[203,19]                                    1                      0
   1137 squad[203,20]                                    1                      0
   1138 squad[203,21]                                    1                      0
   1139 squad[20,5]                                      1                      0
   1140 squad[20,6]                                      1                      0
   1141 squad[20,7]                                      1                      0
   1142 squad[20,8]                                      1                      0
   1156 squad[112,5]                                     1                      0
   1157 squad[112,6]                                     1                      0
   1158 squad[112,7]                                     1                      0
   1159 squad[112,8]                                     1                      0
   1160 squad[112,9]                                     1                      0
   1161 squad[112,10]                                    1                      0
   1162 squad[112,11]                                    1                      0
   1163 squad[112,12]                                    1                      0
   1164 squad[112,13]                                    1                      0
   1165 squad[112,14]                                    1                      0
   1166 squad[112,15]                                    1                      0
   1167 squad[112,16]                                    1                      0
   1615 squad[230,5]                                     1                      0
   1616 squad[230,6]                                     1                      0
   1617 squad[230,7]                                     1                      0
   1618 squad[230,8]                                     1                      0
   1619 squad[230,9]                                     1                      0
   1620 squad[230,10]                                    1                      0
   1701 squad[614,6]                                     1                      0
   1702 squad[614,7]                                     1                      0
   1703 squad[614,8]                                     1                      0
   1950 squad[33,17]                                     1                      0
   1951 squad[33,18]                                     1                      0
   1952 squad[33,19]                                     1                      0
   1953 squad[33,20]                                     1                      0
   1954 squad[33,21]                                     1                      0
   3230 squad[82,5]                                      1                      0
   3231 squad[82,6]                                      1                      0
   3519 squad[195,5]                                     1                      0
   4964 squad[148,5]                                     1                      0
   5848 squad[538,5]                                     1                      0
   5849 squad[538,6]                                     1                      0
   5850 squad[538,7]                                     1                      0
   5851 squad[538,8]                                     1                      0
   5852 squad[538,9]                                     1                      0
   5853 squad[538,10]                                    1                      0
   5854 squad[538,11]                                    1                      0
   5855 squad[538,12]                                    1                      0
  12342 lineup[308,6]                                    1                 -6.941
  12343 lineup[308,7]                                    1                 -6.661
  12344 lineup[308,8]                                    1                 -5.959
  12345 lineup[308,9]                                    1                 -7.132
  12346 lineup[308,10]                                   1                 -7.392
  12347 lineup[308,11]                                   1                 -8.246
  12348 lineup[308,12]                                   1                 -6.507
  12350 lineup[308,14]                                   1                  -7.55
  12351 lineup[308,15]                                   1                 -8.424
  12352 lineup[308,16]                                   1                 -6.255
  12353 lineup[308,17]                                   1                 -6.692
  12354 lineup[308,18]                                   1                 -6.032
  12355 lineup[308,19]                                   1                 -8.269
  12356 lineup[308,20]                                   1                 -6.091
  12357 lineup[308,21]                                   1                 -7.301
  12365 lineup[355,13]                                   1                 -6.308
  12366 lineup[355,14]                                   1                 -7.073
  12367 lineup[355,15]                                   1                  -6.92
  12368 lineup[355,16]                                   1                 -8.554
  12371 lineup[355,19]                                   1                 -7.058
  12372 lineup[355,20]                                   1                 -9.127
  12373 lineup[355,21]                                   1                 -5.954
  12374 lineup[516,6]                                    1                 -5.371
  12375 lineup[516,7]                                    1                 -5.503
  12376 lineup[516,8]                                    1                 -7.966
  12377 lineup[516,9]                                    1                 -6.731
  12378 lineup[516,10]                                   1                 -5.816
  12379 lineup[516,11]                                   1                 -5.856
  12380 lineup[516,12]                                   1                 -6.478
  12381 lineup[516,13]                                   1                  -5.97
  12385 lineup[516,17]                                   1                 -6.552
  12386 lineup[516,18]                                   1                 -6.504
  12387 lineup[516,19]                                   1                  -5.33
  12388 lineup[516,20]                                   1                 -6.851
  12389 lineup[516,21]                                   1                  -5.81
  12390 lineup[19,6]                                     1                 -6.005
  12391 lineup[19,7]                                     1                 -6.586
  12392 lineup[19,8]                                     1                 -4.968
  12393 lineup[19,9]                                     1                 -5.444
  12394 lineup[19,10]                                    1                 -6.953
  12395 lineup[19,11]                                    1                  -5.17
  12396 lineup[19,12]                                    1                 -6.637
  12397 lineup[19,13]                                    1                 -5.522
  12398 lineup[19,14]                                    1                 -6.658
  12399 lineup[19,15]                                    1                 -6.453
  12400 lineup[19,16]                                    1                 -5.675
  12406 lineup[108,6]                                    1                 -5.801
  12407 lineup[108,7]                                    1                 -5.894
  12408 lineup[108,8]                                    1                 -5.169
  12409 lineup[108,9]                                    1                 -7.164
  12410 lineup[108,10]                                   1                 -5.066
  12411 lineup[108,11]                                   1                 -5.711
  12412 lineup[108,12]                                   1                 -4.873
  12413 lineup[108,13]                                   1                 -5.031
  12414 lineup[108,14]                                   1                 -7.192
  12415 lineup[108,15]                                   1                 -4.859
  12416 lineup[108,16]                                   1                 -7.276
  12417 lineup[108,17]                                   1                 -5.483
  12419 lineup[108,19]                                   1                 -6.426
  12420 lineup[108,20]                                   1                 -5.193
  12421 lineup[108,21]                                   1                 -6.112
  12429 lineup[526,13]                                   1                 -6.494
  12449 lineup[504,17]                                   1                 -5.713
  12450 lineup[504,18]                                   1                 -5.576
  12454 lineup[373,6]                                    1                 -5.809
  12455 lineup[373,7]                                    1                 -4.992
  12456 lineup[373,8]                                    1                 -4.961
  12457 lineup[373,9]                                    1                  -5.97
  12474 lineup[140,10]                                   1                 -5.585
  12475 lineup[140,11]                                   1                 -5.121
  12476 lineup[140,12]                                   1                 -6.551
  12477 lineup[140,13]                                   1                 -5.328
  12478 lineup[140,14]                                   1                 -4.718
  12479 lineup[140,15]                                   1                 -4.919
  12480 lineup[140,16]                                   1                 -6.326
  12497 lineup[216,17]                                   1                 -6.435
  12498 lineup[216,18]                                   1                 -5.181
  12499 lineup[216,19]                                   1                  -4.85
  12500 lineup[216,20]                                   1                 -6.279
  12501 lineup[216,21]                                   1                 -5.352
  12514 lineup[599,18]                                   1                 -6.348
  12515 lineup[599,19]                                   1                 -4.442
  12516 lineup[599,20]                                   1                 -6.349
  12517 lineup[599,21]                                   1                  -4.79
  12542 lineup[226,14]                                   1                 -4.828
  12543 lineup[226,15]                                   1                 -5.572
  12550 lineup[131,6]                                    1                 -5.594
  12551 lineup[131,7]                                    1                 -4.153
  12552 lineup[131,8]                                    1                 -3.965
  12554 lineup[131,10]                                   1                 -5.454
  12555 lineup[131,11]                                   1                 -4.682
  12556 lineup[131,12]                                   1                 -6.229
  12557 lineup[131,13]                                   1                 -4.994
  12559 lineup[131,15]                                   1                 -4.435
  12560 lineup[131,16]                                   1                  -6.19
  12562 lineup[131,18]                                   1                 -4.151
  12563 lineup[131,19]                                   1                 -4.949
  12564 lineup[131,20]                                   1                 -4.487
  12565 lineup[131,21]                                   1                 -5.499
  12598 lineup[225,6]                                    1                 -5.027
  12599 lineup[225,7]                                    1                 -4.428
  12600 lineup[225,8]                                    1                 -4.782
  12601 lineup[225,9]                                    1                 -4.289
  12602 lineup[225,10]                                   1                 -4.627
  12603 lineup[225,11]                                   1                 -5.264
  12605 lineup[225,13]                                   1                 -5.333
  12607 lineup[225,15]                                   1                 -4.917
  12641 lineup[343,17]                                   1                 -4.756
  12643 lineup[343,19]                                   1                 -4.893
  12644 lineup[343,20]                                   1                 -5.922
  12645 lineup[343,21]                                   1                 -4.438
  12664 lineup[132,8]                                    1                 -4.008
  12665 lineup[132,9]                                    1                 -3.981
  12666 lineup[132,10]                                   1                 -4.617
  12667 lineup[132,11]                                   1                  -4.39
  12668 lineup[132,12]                                   1                 -6.089
  12688 lineup[365,16]                                   1                 -6.076
  12753 lineup[85,17]                                    1                 -5.445
  12754 lineup[85,18]                                    1                 -4.572
  12761 lineup[36,9]                                     1                 -4.387
  12762 lineup[36,10]                                    1                 -6.394
  12763 lineup[36,11]                                    1                 -4.568
  12764 lineup[36,12]                                    1                 -4.796
  12766 lineup[36,14]                                    1                   -4.5
  12770 lineup[36,18]                                    1                 -6.275
  12771 lineup[36,19]                                    1                 -3.656
  12772 lineup[36,20]                                    1                  -6.26
  12773 lineup[36,21]                                    1                 -4.311
  12774 lineup[220,6]                                    1                 -5.125
  12776 lineup[220,8]                                    1                 -5.401
  12778 lineup[220,10]                                   1                 -4.635
  12779 lineup[220,11]                                   1                  -4.98
  12780 lineup[220,12]                                   1                 -5.036
  12781 lineup[220,13]                                   1                 -5.006
  12782 lineup[220,14]                                   1                 -4.262
  12783 lineup[220,15]                                   1                 -5.312
  12830 lineup[119,14]                                   1                 -5.476
  12832 lineup[119,16]                                   1                 -5.521
  12856 lineup[511,8]                                    1                 -5.981
  12857 lineup[511,9]                                    1                  -4.82
  12860 lineup[511,12]                                   1                 -4.501
  12865 lineup[511,17]                                   1                 -4.598
  12866 lineup[511,18]                                   1                 -4.956
  12868 lineup[511,20]                                   1                 -5.094
  12905 lineup[291,9]                                    1                 -4.653
  12906 lineup[291,10]                                   1                 -5.043
  12907 lineup[291,11]                                   1                 -4.471
  12910 lineup[291,14]                                   1                  -4.71
  12994 lineup[275,18]                                   1                 -4.948
  12995 lineup[275,19]                                   1                 -4.185
  13025 lineup[405,17]                                   1                 -4.702
  13026 lineup[405,18]                                   1                 -4.467
  13027 lineup[405,19]                                   1                  -5.06
  13119 lineup[569,15]                                   1                 -4.793
  13120 lineup[569,16]                                   1                 -4.556
  13133 lineup[281,13]                                   1                 -4.552
  13135 lineup[281,15]                                   1                 -4.733
  13148 lineup[524,12]                                   1                 -4.472
  13149 lineup[524,13]                                   1                  -4.23
  13265 lineup[145,17]                                   1                 -4.876
  13268 lineup[145,20]                                   1                 -4.303
  13269 lineup[145,21]                                   1                 -4.365
  13287 lineup[168,7]                                    1                 -7.539
  13328 lineup[129,16]                                   1                 -5.126
  13409 lineup[203,17]                                   1                     -5
  13413 lineup[203,21]                                   1                 -4.346
  13414 lineup[20,6]                                     1                 -3.966
  13415 lineup[20,7]                                     1                 -3.893
  13430 lineup[112,6]                                    1                 -4.433
  13431 lineup[112,7]                                    1                 -3.995
  13433 lineup[112,9]                                    1                 -5.062
  13438 lineup[112,14]                                   1                 -5.192
  13440 lineup[112,16]                                   1                 -4.268
  13862 lineup[230,6]                                    1                 -3.833
  13864 lineup[230,8]                                    1                 -4.028
  13943 lineup[614,7]                                    1                 -7.113
  18330 captain[308,10]                                  1                 -7.392
  18331 captain[308,11]                                  1                 -8.246
  18334 captain[308,14]                                  1                  -7.55
  18335 captain[308,15]                                  1                 -8.424
  18337 captain[308,17]                                  1                 -6.692
  18339 captain[308,19]                                  1                 -8.269
  18341 captain[308,21]                                  1                 -7.301
  18352 captain[355,16]                                  1                 -8.554
  18356 captain[355,20]                                  1                 -9.127
  18360 captain[516,8]                                   1                 -7.966
  18370 captain[516,18]                                  1                 -6.504
  18374 captain[19,6]                                    1                 -6.005
  18380 captain[19,12]                                   1                 -6.637
  18393 captain[108,9]                                   1                 -7.164
  18413 captain[526,13]                                  1                 -6.494
  19927 captain[614,7]                                   1                 -7.113
  24310 vicecap[308,6]                                   1                -0.6941
  24313 vicecap[308,9]                                   1                -0.7132
  24333 vicecap[355,13]                                  1                -0.6308
  24335 vicecap[355,15]                                  1                 -0.692
  24339 vicecap[355,19]                                  1                -0.7058
  24347 vicecap[516,11]                                  1                -0.5856
  24353 vicecap[516,17]                                  1                -0.6552
  24356 vicecap[516,20]                                  1                -0.6851
  24362 vicecap[19,10]                                   1                -0.6953
  24382 vicecap[108,14]                                  1                -0.7192
  24384 vicecap[108,16]                                  1                -0.7276
  24389 vicecap[108,21]                                  1                -0.6112
  24444 vicecap[140,12]                                  1                -0.6551
  24482 vicecap[599,18]                                  1                -0.6348
  24824 vicecap[511,8]                                   1                -0.5981
  25255 vicecap[168,7]                                   1                -0.7539
  31140 bench[131,9,2]                                   1               -0.17814
  31160 bench[131,14,2]                                  1               -0.24432
  31171 bench[131,17,1]                                  1               -0.76776
  31343 bench[225,12,1]                                  1               -0.99855
  31351 bench[225,14,1]                                  1               -0.94752
  31359 bench[225,16,1]                                  1               -0.92988
  31497 bench[343,18,3]                                  1                      0
  31603 bench[132,13,1]                                  1               -1.04391
  31988 bench[36,13,2]                                   1               -0.23982
  31996 bench[36,15,2]                                   1                -0.1782
  32004 bench[36,17,2]                                   1                -0.2172
  32027 bench[220,7,1]                                   1               -0.79191
  32035 bench[220,9,1]                                   1               -0.73038
  32065 bench[220,16,3]                                  1              -0.011577
  32251 bench[119,15,1]                                  1               -0.84945
  32343 bench[511,6,1]                                   1               -0.66717
  32348 bench[511,7,2]                                   1                -0.2091
  32359 bench[511,10,1]                                  1               -0.77931
  32363 bench[511,11,1]                                  1               -0.86457
  32397 bench[511,19,3]                                  1              -0.009837
  32403 bench[511,21,1]                                  1               -0.75516
  32558 bench[291,12,0]                                  1               -0.11451
  32562 bench[291,13,0]                                  1               -0.08547
  32898 bench[275,17,0]                                  1               -0.09957
  32910 bench[275,20,0]                                  1               -0.10998
  32914 bench[275,21,0]                                  1               -0.10824
  33040 bench[405,20,2]                                  1               -0.16368
  33045 bench[405,21,3]                                  1               -0.00723
  33465 bench[281,14,3]                                  1              -0.008577
  33472 bench[281,16,2]                                  1               -0.25128
  33514 bench[524,11,0]                                  1               -0.10041
  33526 bench[524,14,0]                                  1               -0.11604
  33530 bench[524,15,0]                                  1               -0.10941
  33534 bench[524,16,0]                                  1               -0.11832
  33990 bench[145,18,0]                                  1               -0.11658
  33994 bench[145,19,0]                                  1               -0.11529
  34567 bench[203,18,1]                                  1               -0.81942
  34572 bench[203,19,2]                                  1               -0.21894
  34575 bench[203,20,1]                                  1               -0.91476
  34592 bench[20,8,2]                                    1               -0.14178
  34655 bench[112,8,1]                                   1               -0.66843
  34664 bench[112,10,2]                                  1               -0.19758
  34668 bench[112,11,2]                                  1               -0.24414
  34673 bench[112,12,3]                                  1              -0.008358
  34677 bench[112,13,3]                                  1              -0.009528
  34685 bench[112,15,3]                                  1              -0.008706
  36378 bench[230,7,0]                                   1               -0.09117
  36386 bench[230,9,0]                                   1                -0.0834
  36390 bench[230,10,0]                                  1               -0.10599
  36694 bench[614,6,0]                                   1               -0.10863
  36702 bench[614,8,0]                                   1               -0.09846
  37637 bench[33,17,3]                                   1              -0.008622
  37640 bench[33,18,2]                                   1               -0.18426
  37643 bench[33,19,1]                                   1                 -0.777
  37649 bench[33,20,3]                                   1              -0.007551
  37652 bench[33,21,2]                                   1               -0.20208
  42456 bench[82,6,2]                                    1               -0.12948
  52313 bench[538,6,3]                                   1              -0.000495
  52317 bench[538,7,3]                                   1              -0.001197
  52321 bench[538,8,3]                                   1              -0.000504
  52325 bench[538,9,3]                                   1              -0.000888
  52329 bench[538,10,3]                                  1              -0.000696
  52333 bench[538,11,3]                                  1              -0.000576
  52336 bench[538,12,2]                                  1               -0.01302
  54238 transfer_in[308,14]                              1                      5
  54253 transfer_in[355,13]                              1                  6.345
  54259 transfer_in[355,19]                              1                  2.115
  54262 transfer_in[516,6]                               1                   7.28
  54273 transfer_in[516,17]                              1                  2.275
  54307 transfer_in[108,19]                              1                  1.035
  54317 transfer_in[526,13]                              1                  3.195
  54337 transfer_in[504,17]                              1                  1.975
  54362 transfer_in[140,10]                              1                   3.96
  54385 transfer_in[216,17]                              1                    1.8
  54402 transfer_in[599,18]                              1                   1.32
  54430 transfer_in[226,14]                              1                   2.52
  54486 transfer_in[225,6]                               1                   4.48
  54529 transfer_in[343,17]                              1                    1.7
  54552 transfer_in[132,8]                               1                    4.2
  54576 transfer_in[365,16]                              1                   1.71
  54641 transfer_in[85,17]                               1                  1.625
  54649 transfer_in[36,9]                                1                  3.055
  54657 transfer_in[36,17]                               1                  1.175
  54662 transfer_in[220,6]                               1                   3.68
  54718 transfer_in[119,14]                              1                   2.44
  54753 transfer_in[511,17]                              1                  1.175
  54793 transfer_in[291,9]                               1                  3.575
  54881 transfer_in[275,17]                              1                   1.15
  54913 transfer_in[405,17]                              1                  1.125
  55007 transfer_in[569,15]                              1                   1.75
  55021 transfer_in[281,13]                              1                  2.025
  55035 transfer_in[524,11]                              1                  2.255
  55153 transfer_in[145,17]                              1                  1.125
  55175 transfer_in[168,7]                               1                   3.75
  55216 transfer_in[129,16]                              1                    1.5
  55297 transfer_in[203,17]                              1                   1.05
  55830 transfer_in[614,6]                               1                    3.6
  56065 transfer_in[33,17]                               1                  1.125
  60230 tr_out_first[195,6]                              1                  -4.56
  60249 tr_out_first[20,9]                               1                 -3.315
  60274 tr_out_first[108,18]                             1                  -1.34
  60289 tr_out_first[19,17]                              1                  -2.15
  60294 tr_out_first[355,6]                              1                  -11.2
  60317 tr_out_reg[308,13]                               1                 -5.625
  60337 tr_out_reg[355,17]                               1                 -3.525
  60350 tr_out_reg[516,14]                               1                  -3.64
  60398 tr_out_reg[526,14]                               1                  -2.84
  60419 tr_out_reg[504,19]                               1                 -1.185
  60426 tr_out_reg[373,10]                               1                  -5.04
  60449 tr_out_reg[140,17]                               1                  -1.65
  60512 tr_out_reg[226,16]                               1                  -1.89
  60577 tr_out_reg[225,17]                               1                   -1.4
  60582 tr_out_reg[143,6]                                1                   -5.2
  60638 tr_out_reg[132,14]                               1                   -2.4
  60657 tr_out_reg[365,17]                               1                 -1.425
  60723 tr_out_reg[85,19]                                1                 -0.975
  60736 tr_out_reg[36,16]                                1                  -1.41
  60753 tr_out_reg[220,17]                               1                  -1.15
  60801 tr_out_reg[119,17]                               1                 -1.525
  60829 tr_out_reg[511,13]                               1                 -2.115
  60879 tr_out_reg[291,15]                               1                 -1.925
  61089 tr_out_reg[569,17]                               1                  -1.25
  61105 tr_out_reg[281,17]                               1                 -1.125
  61121 tr_out_reg[524,17]                               1                 -1.025
  61256 tr_out_reg[168,8]                                1                   -3.5
  61297 tr_out_reg[129,17]                               1                  -1.25
  61409 tr_out_reg[112,17]                               1                 -1.125
  61835 tr_out_reg[230,11]                               1                 -2.475
  61913 tr_out_reg[614,9]                                1                 -2.925
  63351 tr_out_reg[82,7]                                 1                 -3.375
  64982 tr_out_reg[148,6]                                1                  -3.52
  65821 tr_out_reg[538,13]                               1                  -1.98
  66294 itb[5]                                         0.5                      0
  66295 itb[6]                                         7.3                      0
  66296 itb[7]                                         6.8                      0
  66297 itb[8]                                         5.8                      0
  66298 itb[9]                                         5.2                      0
  66299 itb[10]                                          7                      0
  66300 itb[11]                                        7.4                      0
  66301 itb[12]                                        7.4                      0
  66302 itb[13]                                        3.3                      0
  66303 itb[14]                                        0.6                      0
  66304 itb[15]                                        1.1                      0
  66305 itb[16]                                        1.4                      0
  66306 itb[17]                                        6.6                      0
  66307 itb[18]                                        6.7                      0
  66308 itb[19]                                        0.1                      0
  66309 itb[20]                                        0.1                      0
  66310 itb[21]                                        0.1                      0
  66312 ft[6]                                            2                   -1.5
  66313 ft[7]                                            1                   -1.5
  66314 ft[8]                                            1                   -1.5
  66315 ft[9]                                            1                   -1.5
  66316 ft[10]                                           1                   -1.5
  66317 ft[11]                                           1                   -1.5
  66318 ft[12]                                           1                   -1.5
  66319 ft[13]                                           2                   -1.5
  66320 ft[14]                                           1                   -1.5
  66321 ft[15]                                           1                   -1.5
  66322 ft[16]                                           1                   -1.5
  66323 ft[17]                                           1                   -1.5
  66324 ft[18]                                           1                   -1.5
  66325 ft[19]                                           1                   -1.5
  66326 ft[20]                                           1                   -1.5
  66327 ft[21]                                           2                   -1.5
  66328 pt[6]                                            2                      4
  66331 pt[9]                                            1                      4
  66335 pt[13]                                           1                      4
  66336 pt[14]                                           2                      4
  66338 pt[16]                                           1                      4
  66341 pt[19]                                           1                      4
  66351 aux[13]                                          1                      0
  66359 aux[21]                                          1                      0
  66371 use_wc[17]                                       1                      0
