Optimal (within gap tolerance) - objective value -738.57205630
      0 squad[308,5]                                     1                      0
      1 squad[308,6]                                     1                      0
      2 squad[308,7]                                     1                      0
      3 squad[308,8]                                     1                      0
      4 squad[308,9]                                     1                      0
      5 squad[308,10]                                    1                      0
      6 squad[308,11]                                    1                      0
      9 squad[308,14]                                    1                      0
     10 squad[308,15]                                    1                      0
     11 squad[355,5]                                     1                      0
     12 squad[355,6]                                     1                      0
     13 squad[355,7]                                     1                      0
     16 squad[355,10]                                    1                      0
     17 squad[355,11]                                    1                      0
     18 squad[355,12]                                    1                      0
     19 squad[355,13]                                    1                      0
     20 squad[355,14]                                    1                      0
     21 squad[355,15]                                    1                      0
     25 squad[516,8]                                     1                      0
     26 squad[516,9]                                     1                      0
     29 squad[516,12]                                    1                      0
     30 squad[516,13]                                    1                      0
     33 squad[19,5]                                      1                      0
     34 squad[19,6]                                      1                      0
     35 squad[19,7]                                      1                      0
     38 squad[19,10]                                     1                      0
     39 squad[19,11]                                     1                      0
     40 squad[19,12]                                     1                      0
     41 squad[19,13]                                     1                      0
     42 squad[19,14]                                     1                      0
     43 squad[19,15]                                     1                      0
     44 squad[108,5]                                     1                      0
     45 squad[108,6]                                     1                      0
     46 squad[108,7]                                     1                      0
     47 squad[108,8]                                     1                      0
     48 squad[108,9]                                     1                      0
     53 squad[108,14]                                    1                      0
     54 squad[108,15]                                    1                      0
     55 squad[373,5]                                     1                      0
     56 squad[373,6]                                     1                      0
     57 squad[373,7]                                     1                      0
     58 squad[373,8]                                     1                      0
     59 squad[373,9]                                     1                      0
     73 squad[526,12]                                    1                      0
     74 squad[526,13]                                    1                      0
     75 squad[526,14]                                    1                      0
     76 squad[526,15]                                    1                      0
     82 squad[140,10]                                    1                      0
     83 squad[140,11]                                    1                      0
     84 squad[140,12]                                    1                      0
     85 squad[140,13]                                    1                      0
     91 squad[504,8]                                     1                      0
     92 squad[504,9]                                     1                      0
    115 squad[599,10]                                    1                      0
    116 squad[599,11]                                    1                      0
    138 squad[226,11]                                    1                      0
    139 squad[226,12]                                    1                      0
    140 squad[226,13]                                    1                      0
    141 squad[226,14]                                    1                      0
    142 squad[226,15]                                    1                      0
    143 squad[131,5]                                     1                      0
    144 squad[131,6]                                     1                      0
    145 squad[131,7]                                     1                      0
    146 squad[131,8]                                     1                      0
    147 squad[131,9]                                     1                      0
    148 squad[131,10]                                    1                      0
    149 squad[131,11]                                    1                      0
    150 squad[131,12]                                    1                      0
    151 squad[131,13]                                    1                      0
    155 squad[225,6]                                     1                      0
    156 squad[225,7]                                     1                      0
    157 squad[225,8]                                     1                      0
    158 squad[225,9]                                     1                      0
    159 squad[225,10]                                    1                      0
    160 squad[225,11]                                    1                      0
    161 squad[225,12]                                    1                      0
    162 squad[225,13]                                    1                      0
    163 squad[225,14]                                    1                      0
    164 squad[225,15]                                    1                      0
    187 squad[143,5]                                     1                      0
    188 squad[143,6]                                     1                      0
    189 squad[143,7]                                     1                      0
    236 squad[34,10]                                     1                      0
    269 squad[36,10]                                     1                      0
    270 squad[36,11]                                     1                      0
    271 squad[36,12]                                     1                      0
    272 squad[36,13]                                     1                      0
    273 squad[36,14]                                     1                      0
    274 squad[36,15]                                     1                      0
    276 squad[220,6]                                     1                      0
    277 squad[220,7]                                     1                      0
    278 squad[220,8]                                     1                      0
    279 squad[220,9]                                     1                      0
    280 squad[220,10]                                    1                      0
    281 squad[220,11]                                    1                      0
    282 squad[220,12]                                    1                      0
    283 squad[220,13]                                    1                      0
    284 squad[220,14]                                    1                      0
    285 squad[220,15]                                    1                      0
    322 squad[119,8]                                     1                      0
    323 squad[119,9]                                     1                      0
    341 squad[511,5]                                     1                      0
    342 squad[511,6]                                     1                      0
    343 squad[511,7]                                     1                      0
    344 squad[511,8]                                     1                      0
    345 squad[511,9]                                     1                      0
    357 squad[291,10]                                    1                      0
    358 squad[291,11]                                    1                      0
    359 squad[291,12]                                    1                      0
    360 squad[291,13]                                    1                      0
    361 squad[291,14]                                    1                      0
    362 squad[291,15]                                    1                      0
    500 squad[281,10]                                    1                      0
    501 squad[281,11]                                    1                      0
    502 squad[281,12]                                    1                      0
    503 squad[281,13]                                    1                      0
    504 squad[281,14]                                    1                      0
    505 squad[281,15]                                    1                      0
    566 squad[524,10]                                    1                      0
    567 squad[524,11]                                    1                      0
    568 squad[524,12]                                    1                      0
    569 squad[524,13]                                    1                      0
    570 squad[524,14]                                    1                      0
    571 squad[524,15]                                    1                      0
    704 squad[20,5]                                      1                      0
    705 squad[20,6]                                      1                      0
    706 squad[20,7]                                      1                      0
    707 squad[20,8]                                      1                      0
    708 squad[20,9]                                      1                      0
    709 squad[20,10]                                     1                      0
    710 squad[20,11]                                     1                      0
    711 squad[20,12]                                     1                      0
    712 squad[20,13]                                     1                      0
    713 squad[20,14]                                     1                      0
    714 squad[20,15]                                     1                      0
    803 squad[112,5]                                     1                      0
    804 squad[112,6]                                     1                      0
    805 squad[112,7]                                     1                      0
    806 squad[112,8]                                     1                      0
    807 squad[112,9]                                     1                      0
    812 squad[112,14]                                    1                      0
    813 squad[112,15]                                    1                      0
    968 squad[230,5]                                     1                      0
    969 squad[230,6]                                     1                      0
    970 squad[230,7]                                     1                      0
    971 squad[230,8]                                     1                      0
    972 squad[230,9]                                     1                      0
   1201 squad[614,7]                                     1                      0
   1202 squad[614,8]                                     1                      0
   1203 squad[614,9]                                     1                      0
   1226 squad[33,10]                                     1                      0
   1227 squad[33,11]                                     1                      0
   1228 squad[33,12]                                     1                      0
   1229 squad[33,13]                                     1                      0
   1230 squad[33,14]                                     1                      0
   1231 squad[33,15]                                     1                      0
   2299 squad[195,5]                                     1                      0
   3102 squad[82,5]                                      1                      0
   3146 squad[148,5]                                     1                      0
   3147 squad[148,6]                                     1                      0
   3806 squad[538,5]                                     1                      0
   3807 squad[538,6]                                     1                      0
   3808 squad[538,7]                                     1                      0
   3809 squad[538,8]                                     1                      0
   3810 squad[538,9]                                     1                      0
   8169 lineup[308,6]                                    1                 -6.941
   8170 lineup[308,7]                                    1               -6.72761
   8171 lineup[308,8]                                    1              -6.078776
   8172 lineup[308,9]                                    1              -7.348107
   8173 lineup[308,10]                                   1              -7.692145
   8174 lineup[308,11]                                   1              -8.666629
   8177 lineup[308,14]                                   1              -8.175568
   8178 lineup[308,15]                                   1              -9.213205
   8179 lineup[355,6]                                    1                 -7.476
   8180 lineup[355,7]                                    1               -7.71034
   8183 lineup[355,10]                                   1              -6.920017
   8184 lineup[355,11]                                   1               -8.20944
   8185 lineup[355,12]                                   1                -6.7173
   8186 lineup[355,13]                                   1               -6.76303
   8187 lineup[355,14]                                   1              -7.659045
   8188 lineup[355,15]                                   1              -7.568302
   8191 lineup[516,8]                                    1              -8.126117
   8192 lineup[516,9]                                    1              -6.934956
   8195 lineup[516,12]                                   1              -6.876528
   8196 lineup[516,13]                                   1              -6.400648
   8199 lineup[19,6]                                     1                 -6.005
   8200 lineup[19,7]                                     1               -6.65186
   8203 lineup[19,10]                                    1               -7.23532
   8204 lineup[19,11]                                    1              -5.433722
   8205 lineup[19,12]                                    1              -7.045309
   8206 lineup[19,13]                                    1              -5.920331
   8207 lineup[19,14]                                    1               -7.20966
   8208 lineup[19,15]                                    1              -7.057551
   8209 lineup[108,6]                                    1                 -5.801
   8210 lineup[108,7]                                    1               -5.95294
   8211 lineup[108,8]                                    1              -5.272897
   8212 lineup[108,9]                                    1              -7.381076
   8217 lineup[108,14]                                   1              -7.787905
   8218 lineup[108,15]                                   1              -5.314217
   8219 lineup[373,6]                                    1                 -5.809
   8220 lineup[373,7]                                    1               -5.04192
   8221 lineup[373,8]                                    1              -5.060716
   8222 lineup[373,9]                                    1              -6.150897
   8235 lineup[526,12]                                   1              -6.052788
   8236 lineup[526,13]                                   1              -6.962447
   8237 lineup[526,14]                                   1              -5.442438
   8238 lineup[526,15]                                   1               -5.54061
   8243 lineup[140,10]                                   1              -5.758703
   8244 lineup[140,11]                                   1               -5.33808
   8245 lineup[140,12]                                   1              -6.894573
   8246 lineup[140,13]                                   1              -5.667307
   8251 lineup[504,8]                                    1              -7.026449
   8252 lineup[504,9]                                    1              -5.919079
   8273 lineup[599,10]                                   1              -6.630729
   8274 lineup[599,11]                                   1              -5.378018
   8294 lineup[226,11]                                   1              -5.641822
   8295 lineup[226,12]                                   1               -5.50292
   8296 lineup[226,13]                                   1              -5.760583
   8297 lineup[226,14]                                   1              -5.228032
   8298 lineup[226,15]                                   1              -6.094014
   8299 lineup[131,6]                                    1                 -5.594
   8300 lineup[131,7]                                    1               -4.19453
   8301 lineup[131,8]                                    1              -4.044696
   8303 lineup[131,10]                                   1              -5.675454
   8304 lineup[131,11]                                   1              -4.920829
   8305 lineup[131,12]                                   1              -6.612209
   8306 lineup[131,13]                                   1              -5.354244
   8309 lineup[225,6]                                    1                 -5.027
   8310 lineup[225,7]                                    1               -4.47228
   8311 lineup[225,8]                                    1              -4.878118
   8312 lineup[225,9]                                    1              -4.418961
   8316 lineup[225,13]                                   1              -5.717698
   8318 lineup[225,15]                                   1               -5.37765
   8339 lineup[143,6]                                    1                 -5.109
   8340 lineup[143,7]                                    1               -4.40057
   8383 lineup[34,10]                                    1              -5.904387
   8413 lineup[36,10]                                    1              -6.653622
   8414 lineup[36,11]                                    1              -4.801014
   8415 lineup[36,12]                                    1              -5.091051
   8417 lineup[36,14]                                    1              -4.872855
   8419 lineup[220,6]                                    1                 -5.125
   8421 lineup[220,8]                                    1               -5.50956
   8423 lineup[220,10]                                   1                -4.8232
   8424 lineup[220,11]                                   1               -5.23403
   8425 lineup[220,12]                                   1              -5.345815
   8426 lineup[220,13]                                   1               -5.36711
   8427 lineup[220,14]                                   1              -4.615135
   8428 lineup[220,15]                                   1              -5.809656
   8461 lineup[119,8]                                    1              -4.200772
   8462 lineup[119,9]                                    1              -5.567747
   8481 lineup[511,8]                                    1              -6.101218
   8482 lineup[511,9]                                    1              -4.966051
   8493 lineup[291,10]                                   1              -5.247766
   8494 lineup[291,11]                                   1              -4.699066
   8497 lineup[291,14]                                   1              -5.100255
   8498 lineup[291,15]                                   1              -4.862525
   8626 lineup[281,13]                                   1               -4.88036
   8628 lineup[281,15]                                   1              -5.176412
   8685 lineup[524,12]                                   1              -4.747118
   8686 lineup[524,13]                                   1              -4.535133
   8810 lineup[20,7]                                     1               -3.93193
   8812 lineup[20,9]                                     1              -3.235145
   8813 lineup[20,10]                                    1              -5.445481
   8815 lineup[20,12]                                    1              -5.528397
   8817 lineup[20,14]                                    1              -4.879352
   8818 lineup[20,15]                                    1              -4.749875
   8899 lineup[112,6]                                    1                 -4.433
   8900 lineup[112,7]                                    1               -4.03495
   8902 lineup[112,9]                                    1              -5.215384
   8907 lineup[112,14]                                   1              -5.622192
   9049 lineup[230,6]                                    1                 -3.833
   9051 lineup[230,8]                                    1              -4.108963
   9260 lineup[614,7]                                    1               -7.18413
   9262 lineup[614,9]                                    1              -3.383508
   9284 lineup[33,11]                                    1              -3.835136
  12063 captain[308,10]                                  1              -7.692145
  12064 captain[308,11]                                  1              -8.666629
  12067 captain[308,14]                                  1              -8.175568
  12068 captain[308,15]                                  1              -9.213205
  12069 captain[355,6]                                   1                 -7.476
  12070 captain[355,7]                                   1               -7.71034
  12081 captain[516,8]                                   1              -8.126117
  12095 captain[19,12]                                   1              -7.045309
  12102 captain[108,9]                                   1              -7.381076
  12126 captain[526,13]                                  1              -6.962447
  15949 vicecap[308,6]                                   1                -0.6941
  15952 vicecap[308,9]                                   1              -0.734811
  15964 vicecap[355,11]                                  1              -0.820944
  15966 vicecap[355,13]                                  1              -0.676303
  15968 vicecap[355,15]                                  1               -0.75683
  15983 vicecap[19,10]                                   1              -0.723532
  15997 vicecap[108,14]                                  1              -0.778791
  16025 vicecap[140,12]                                  1              -0.689457
  16031 vicecap[504,8]                                   1              -0.702645
  17040 vicecap[614,7]                                   1              -0.718413
  20373 bench[131,9,2]                                   1              -0.183538
  20416 bench[225,10,1]                                  1              -1.011124
  20420 bench[225,11,1]                                  1              -1.161829
  20424 bench[225,12,1]                                  1              -1.059981
  20432 bench[225,14,1]                                  1              -1.026028
  20828 bench[36,13,1]                                   1              -0.899918
  20836 bench[36,15,1]                                   1              -0.682132
  20844 bench[220,7,1]                                   1              -0.799829
  20852 bench[220,9,1]                                   1              -0.752511
  21081 bench[511,6,2]                                   1               -0.19062
  21085 bench[511,7,2]                                   1              -0.211191
  21143 bench[291,12,0]                                  1              -0.121555
  21147 bench[291,13,0]                                  1              -0.091635
  21658 bench[281,10,3]                                  1              -0.009684
  21661 bench[281,11,2]                                  1              -0.233135
  21665 bench[281,12,2]                                  1              -0.221709
  21674 bench[281,14,3]                                  1              -0.009288
  21895 bench[524,10,0]                                  1              -0.131022
  21899 bench[524,11,0]                                  1              -0.105532
  21911 bench[524,14,0]                                  1              -0.125655
  21915 bench[524,15,0]                                  1               -0.11966
  22400 bench[20,6,1]                                    1               -0.83286
  22409 bench[20,8,2]                                    1               -0.14463
  22422 bench[20,11,3]                                   1              -0.008444
  22430 bench[20,13,3]                                   1              -0.009447
  22768 bench[112,8,1]                                   1              -0.681865
  22798 bench[112,15,3]                                  1              -0.009522
  23363 bench[230,7,0]                                   1              -0.092082
  23371 bench[230,9,0]                                   1              -0.085927
  24207 bench[614,8,0]                                   1              -0.100439
  24297 bench[33,10,2]                                   1              -0.176632
  24306 bench[33,12,3]                                   1              -0.009439
  24309 bench[33,13,2]                                   1              -0.240716
  24313 bench[33,14,2]                                   1              -0.235067
  24317 bench[33,15,2]                                   1              -0.191548
  31279 bench[148,6,0]                                   1               -0.02481
  33682 bench[538,6,3]                                   1              -0.000495
  33686 bench[538,7,3]                                   1              -0.001209
  33690 bench[538,8,3]                                   1              -0.000514
  33694 bench[538,9,3]                                   1              -0.000915
  35407 transfer_in[308,14]                              1              1.3603375
  35413 transfer_in[355,10]                              1              4.5132831
  35421 transfer_in[516,8]                               1              3.8457601
  35425 transfer_in[516,12]                              1               1.961141
  35433 transfer_in[19,10]                               1              2.7847917
  35447 transfer_in[108,14]                              1              0.7509063
  35465 transfer_in[526,12]                              1               1.530121
  35473 transfer_in[140,10]                              1              2.0805915
  35481 transfer_in[504,8]                               1              3.3386269
  35503 transfer_in[599,10]                              1              2.1126006
  35524 transfer_in[226,11]                              1              1.6887843
  35539 transfer_in[225,6]                               1              2.9294216
  35613 transfer_in[34,10]                               1              1.7605005
  35643 transfer_in[36,10]                               1              1.5044277
  35649 transfer_in[220,6]                               1              2.4063106
  35691 transfer_in[119,8]                               1              2.5779271
  35723 transfer_in[291,10]                              1              1.7605005
  35853 transfer_in[281,10]                              1              1.4404095
  35913 transfer_in[524,10]                              1              1.3123731
  36137 transfer_in[112,14]                              1              0.4897215
  36490 transfer_in[614,7]                               1              2.1289995
  36513 transfer_in[33,10]                               1              1.4404095
  39297 tr_out_first[131,14]                             1             -0.5550177
  39299 tr_out_first[195,6]                              1             -2.9817327
  39323 tr_out_first[108,10]                             1             -2.1446097
  39331 tr_out_first[19,8]                               1             -3.6344546
  39341 tr_out_first[355,8]                              1              -5.916554
  39353 tr_out_first[511,10]                             1             -1.5044277
  39365 tr_out_reg[308,12]                               1              -2.693875
  39383 tr_out_reg[516,10]                               1             -2.9128281
  39387 tr_out_reg[516,14]                               1             -0.9903257
  39413 tr_out_reg[373,10]                               1             -2.6887644
  39437 tr_out_reg[140,14]                               1             -0.7073755
  39443 tr_out_reg[504,10]                               1             -2.5287189
  39465 tr_out_reg[599,12]                               1              -1.422366
  39531 tr_out_reg[143,8]                                1             -2.7469715
  39574 tr_out_reg[34,11]                                1             -1.4743355
  39653 tr_out_reg[119,10]                               1             -1.9525551
  40093 tr_out_reg[112,10]                               1             -1.4404095
  40243 tr_out_reg[230,10]                               1             -1.4404095
  40453 tr_out_reg[614,10]                               1             -1.4404095
  42179 tr_out_reg[82,6]                                 1             -2.3539995
  42220 tr_out_reg[148,7]                                1             -2.0816884
  42823 tr_out_reg[538,10]                               1             -1.4084004
  43249 itb[5]                                         0.5                      0
  43250 itb[6]                                         0.5                      0
  43251 itb[7]                                         0.4                      0
  43252 itb[8]                                         6.4                      0
  43253 itb[9]                                         6.4                      0
  43254 itb[10]                                        2.5                      0
  43255 itb[11]                                        1.7                      0
  43256 itb[12]                                        4.6                      0
  43257 itb[13]                                        4.6                      0
  43258 itb[14]                                        1.4                      0
  43259 itb[15]                                        1.4                      0
  43261 ft[6]                                            2                   -1.5
  43262 ft[7]                                            1                 -1.515
  43263 ft[8]                                            1               -1.53015
  43264 ft[9]                                            1              -1.545452
  43265 ft[10]                                           2              -1.560906
  43266 ft[11]                                           1              -1.576515
  43267 ft[12]                                           1               -1.59228
  43268 ft[13]                                           1              -1.608203
  43269 ft[14]                                           2              -1.624285
  43270 ft[15]                                           1              -1.640528
  43273 pt[8]                                            2                 4.0804
  43277 pt[12]                                           1               4.246081
  43279 pt[14]                                           1               4.331427
  43285 aux[10]                                          1                      0
  43289 aux[14]                                          1                      0
  43295 use_wc[10]                                       1                      0
