Optimal (within gap tolerance) - objective value -269.91830245
      0 squad[318,21]                                    1                       0
      1 squad[318,22]                                    1                       0
      2 squad[318,23]                                    1                       0
      3 squad[318,24]                                    1                       0
      4 squad[318,25]                                    1                       0
      5 squad[318,26]                                    1                       0
      6 squad[13,21]                                     1                       0
      7 squad[13,22]                                     1                       0
      8 squad[13,23]                                     1                       0
      9 squad[13,24]                                     1                       0
     10 squad[13,25]                                     1                       0
     11 squad[13,26]                                     1                       0
     18 squad[335,21]                                    1                       0
     19 squad[335,22]                                    1                       0
     20 squad[335,23]                                    1                       0
     21 squad[335,24]                                    1                       0
     22 squad[335,25]                                    1                       0
     23 squad[335,26]                                    1                       0
     25 squad[333,22]                                    1                       0
     26 squad[333,23]                                    1                       0
     27 squad[333,24]                                    1                       0
     28 squad[333,25]                                    1                       0
     29 squad[333,26]                                    1                       0
     32 squad[7,23]                                      1                       0
     33 squad[7,24]                                      1                       0
     34 squad[7,25]                                      1                       0
     35 squad[7,26]                                      1                       0
     42 squad[301,21]                                    1                       0
     48 squad[332,21]                                    1                       0
     49 squad[332,22]                                    1                       0
     50 squad[332,23]                                    1                       0
     51 squad[332,24]                                    1                       0
     52 squad[332,25]                                    1                       0
     53 squad[332,26]                                    1                       0
     62 squad[26,23]                                     1                       0
     63 squad[26,24]                                     1                       0
     64 squad[26,25]                                     1                       0
     65 squad[26,26]                                     1                       0
     66 squad[16,21]                                     1                       0
     67 squad[16,22]                                     1                       0
     72 squad[307,21]                                    1                       0
     73 squad[307,22]                                    1                       0
     74 squad[307,23]                                    1                       0
     75 squad[307,24]                                    1                       0
     76 squad[307,25]                                    1                       0
     77 squad[307,26]                                    1                       0
     90 squad[133,21]                                    1                       0
     91 squad[133,22]                                    1                       0
     92 squad[133,23]                                    1                       0
     93 squad[133,24]                                    1                       0
     94 squad[133,25]                                    1                       0
     95 squad[133,26]                                    1                       0
    111 squad[124,24]                                    1                       0
    112 squad[124,25]                                    1                       0
    113 squad[124,26]                                    1                       0
    132 squad[357,21]                                    1                       0
    133 squad[357,22]                                    1                       0
    134 squad[357,23]                                    1                       0
    135 squad[357,24]                                    1                       0
    136 squad[357,25]                                    1                       0
    137 squad[357,26]                                    1                       0
    162 squad[210,21]                                    1                       0
    163 squad[210,22]                                    1                       0
    164 squad[210,23]                                    1                       0
    165 squad[210,24]                                    1                       0
    166 squad[210,25]                                    1                       0
    167 squad[210,26]                                    1                       0
    324 squad[358,21]                                    1                       0
    325 squad[358,22]                                    1                       0
    326 squad[358,23]                                    1                       0
    327 squad[358,24]                                    1                       0
    328 squad[358,25]                                    1                       0
    329 squad[358,26]                                    1                       0
    331 squad[619,22]                                    1                       0
    332 squad[619,23]                                    1                       0
    333 squad[619,24]                                    1                       0
    334 squad[619,25]                                    1                       0
    335 squad[619,26]                                    1                       0
    342 squad[160,21]                                    1                       0
    385 squad[225,22]                                    1                       0
    441 squad[85,24]                                     1                       0
    442 squad[85,25]                                     1                       0
    443 squad[85,26]                                     1                       0
    486 squad[346,21]                                    1                       0
    487 squad[346,22]                                    1                       0
    488 squad[346,23]                                    1                       0
    846 squad[345,21]                                    1                       0
   2022 squad[112,21]                                    1                       0
   2023 squad[112,22]                                    1                       0
   2024 squad[112,23]                                    1                       0
   5533 lineup[318,22]                                   1               -6.719055
   5534 lineup[318,23]                                   1               -11.51151
   5535 lineup[318,24]                                   1               -4.166005
   5536 lineup[318,25]                                   1               -3.500386
   5537 lineup[318,26]                                   1               -3.447691
   5538 lineup[13,22]                                    1               -6.080984
   5539 lineup[13,23]                                    1               -8.072325
   5540 lineup[13,24]                                    1               -3.494502
   5541 lineup[13,25]                                    1               -2.427841
   5542 lineup[13,26]                                    1               -2.470366
   5548 lineup[335,22]                                   1               -10.26979
   5549 lineup[335,23]                                   1               -3.756918
   5550 lineup[335,24]                                   1               -2.831641
   5551 lineup[335,25]                                   1               -2.641772
   5552 lineup[335,26]                                   1               -1.360446
   5553 lineup[333,22]                                   1               -10.06476
   5554 lineup[333,23]                                   1               -3.650269
   5555 lineup[333,24]                                   1               -3.209295
   5556 lineup[333,25]                                   1                -3.51107
   5557 lineup[333,26]                                   1               -1.862279
   5559 lineup[7,23]                                     1               -7.409082
   5560 lineup[7,24]                                     1               -3.189642
   5562 lineup[7,26]                                     1                -2.40801
   5573 lineup[332,22]                                   1               -10.31729
   5574 lineup[332,23]                                   1               -3.337251
   5575 lineup[332,24]                                   1               -3.137893
   5576 lineup[332,25]                                   1               -2.586632
   5584 lineup[26,23]                                    1                 -6.0725
   5585 lineup[26,24]                                    1                -3.01236
   5586 lineup[26,25]                                    1               -2.398167
   5587 lineup[26,26]                                    1               -2.730093
   5588 lineup[16,22]                                    1               -4.407687
   5594 lineup[307,23]                                   1               -6.171807
   5596 lineup[307,25]                                   1               -2.419866
   5608 lineup[133,22]                                   1               -4.982518
   5610 lineup[133,24]                                   1               -3.481321
   5612 lineup[133,26]                                   1               -2.125702
   5625 lineup[124,24]                                   1               -3.442368
   5626 lineup[124,25]                                   1               -2.212302
   5627 lineup[124,26]                                   1               -2.311852
   5643 lineup[357,22]                                   1               -5.522278
   5644 lineup[357,23]                                   1               -4.063743
   5646 lineup[357,25]                                   1               -2.269167
   5647 lineup[357,26]                                   1               -1.432945
   5669 lineup[210,23]                                   1               -3.678052
   5670 lineup[210,24]                                   1               -2.925573
   5671 lineup[210,25]                                   1               -2.491197
   5672 lineup[210,26]                                   1               -1.692732
   5803 lineup[358,22]                                   1               -4.526043
   5804 lineup[358,23]                                   1               -3.346049
   5808 lineup[619,22]                                   1               -7.666143
   5853 lineup[225,22]                                   1               -9.113354
   5900 lineup[85,24]                                    1               -3.098128
   5901 lineup[85,25]                                    1               -2.988949
   5902 lineup[85,26]                                    1               -1.612048
   8049 captain[318,23]                                  1               -11.51151
   8050 captain[318,24]                                  1               -4.166005
   8052 captain[318,26]                                  1               -3.447691
   8071 captain[333,25]                                  1                -3.51107
   8088 captain[332,22]                                  1               -10.31729
  10566 vicecap[318,25]                                  1              -0.3500386
  10569 vicecap[13,23]                                   1              -0.8072325
  10570 vicecap[13,24]                                   1              -0.3494502
  10578 vicecap[335,22]                                  1               -1.026979
  10617 vicecap[26,26]                                   1              -0.2730093
  13193 bench[7,25,3]                                    1            -0.004607695
  13255 bench[332,26,1]                                  1              -0.2425487
  13318 bench[307,22,0]                                  1              -0.1041967
  13326 bench[307,24,0]                                  1             -0.09158148
  13334 bench[307,26,0]                                  1             -0.05740227
  13382 bench[133,23,0]                                  1              -0.1060941
  13390 bench[133,25,0]                                  1             -0.06201623
  13527 bench[357,24,1]                                  1              -0.5546833
  13619 bench[210,22,1]                                  1              -0.8727016
  14168 bench[358,24,2]                                  1              -0.1118051
  14171 bench[358,25,1]                                  1              -0.4300629
  14176 bench[358,26,2]                                  1             -0.05922647
  14184 bench[619,23,2]                                  1              -0.1272465
  14189 bench[619,24,3]                                  1            -0.005388373
  14192 bench[619,25,2]                                  1             -0.09310673
  14197 bench[619,26,3]                                  1            -0.002829924
  14700 bench[346,22,2]                                  1              -0.1692156
  14703 bench[346,23,1]                                  1              -0.6382213
  19821 bench[112,22,3]                                  1             -0.00377655
  19825 bench[112,23,3]                                  1            -0.003030561
  23158 transfer_in[333,22]                              1               6.9218617
  23164 transfer_in[7,23]                                1               3.4443279
  23189 transfer_in[26,23]                               1               2.6456431
  23230 transfer_in[124,24]                              1               1.7094075
  23413 transfer_in[619,22]                              1               3.4958898
  23458 transfer_in[225,22]                              1               4.4747389
  23505 transfer_in[85,24]                               1               1.5083008
  25723 tr_out_reg[301,22]                               1              -8.7397244
  25744 tr_out_reg[16,23]                                1              -2.5957253
  25973 tr_out_reg[160,22]                               1               -5.103999
  26009 tr_out_reg[225,23]                               1              -3.1947389
  26095 tr_out_reg[346,24]                               1              -1.5083008
  26393 tr_out_reg[345,22]                               1              -4.5446567
  27375 tr_out_reg[112,24]                               1              -1.7094075
  28203 itb[21]                                        0.2                       0
  28204 itb[22]                                        5.2           5.5511151e-17
  28205 itb[23]                                        4.6                       0
  28206 itb[24]                                        4.6           2.7755576e-17
  28207 itb[25]                                        4.6           1.3877788e-17
  28208 itb[26]                                        4.6                       0
  28210 ft[22]                                           2                    -1.5
  28211 ft[23]                                           1                   -1.23
  28212 ft[24]                                           1                 -1.0086
  28213 ft[25]                                           1               -0.827052
  28214 ft[26]                                           2              -0.6781826
  28215 pt[22]                                           1                       4
  28216 pt[23]                                           1                    3.28
  28217 pt[24]                                           1                  2.6896
  28224 aux[26]                                          1                       0
