Optimal (within gap tolerance) - objective value -1089.25319300
      0 squad[308,5]                                     1                      0
      1 squad[308,6]                                     1                      0
      2 squad[308,7]                                     1                      0
      3 squad[308,8]                                     1                      0
      4 squad[308,9]                                     1                      0
      5 squad[308,10]                                    1                      0
      6 squad[308,11]                                    1                      0
      7 squad[308,12]                                    1                      0
      8 squad[308,13]                                    1                      0
      9 squad[308,14]                                    1                      0
     10 squad[308,15]                                    1                      0
     11 squad[308,16]                                    1                      0
     12 squad[308,17]                                    1                      0
     13 squad[308,18]                                    1                      0
     14 squad[308,19]                                    1                      0
     15 squad[308,20]                                    1                      0
     16 squad[308,21]                                    1                      0
     17 squad[355,5]                                     1                      0
     23 squad[355,11]                                    1                      0
     31 squad[355,19]                                    1                      0
     32 squad[355,20]                                    1                      0
     33 squad[355,21]                                    1                      0
     35 squad[516,6]                                     1                      0
     36 squad[516,7]                                     1                      0
     37 squad[516,8]                                     1                      0
     38 squad[516,9]                                     1                      0
     39 squad[516,10]                                    1                      0
     40 squad[516,11]                                    1                      0
     41 squad[516,12]                                    1                      0
     42 squad[516,13]                                    1                      0
     43 squad[516,14]                                    1                      0
     44 squad[516,15]                                    1                      0
     45 squad[516,16]                                    1                      0
     46 squad[516,17]                                    1                      0
     47 squad[516,18]                                    1                      0
     48 squad[516,19]                                    1                      0
     49 squad[516,20]                                    1                      0
     50 squad[516,21]                                    1                      0
     51 squad[19,5]                                      1                      0
     52 squad[19,6]                                      1                      0
     53 squad[19,7]                                      1                      0
     54 squad[19,8]                                      1                      0
     55 squad[19,9]                                      1                      0
     56 squad[19,10]                                     1                      0
     57 squad[19,11]                                     1                      0
     58 squad[19,12]                                     1                      0
     59 squad[19,13]                                     1                      0
     60 squad[19,14]                                     1                      0
     61 squad[19,15]                                     1                      0
     68 squad[108,5]                                     1                      0
     69 squad[108,6]                                     1                      0
     70 squad[108,7]                                     1                      0
     71 squad[108,8]                                     1                      0
     72 squad[108,9]                                     1                      0
     73 squad[108,10]                                    1                      0
     77 squad[108,14]                                    1                      0
     78 squad[108,15]                                    1                      0
     79 squad[108,16]                                    1                      0
     80 squad[108,17]                                    1                      0
     81 squad[108,18]                                    1                      0
     82 squad[108,19]                                    1                      0
     83 squad[108,20]                                    1                      0
     84 squad[108,21]                                    1                      0
     92 squad[526,12]                                    1                      0
     93 squad[526,13]                                    1                      0
    119 squad[373,5]                                     1                      0
    120 squad[373,6]                                     1                      0
    121 squad[373,7]                                     1                      0
    122 squad[373,8]                                     1                      0
    123 squad[373,9]                                     1                      0
    143 squad[140,12]                                    1                      0
    144 squad[140,13]                                    1                      0
    145 squad[140,14]                                    1                      0
    146 squad[140,15]                                    1                      0
    147 squad[140,16]                                    1                      0
    165 squad[216,17]                                    1                      0
    166 squad[216,18]                                    1                      0
    167 squad[216,19]                                    1                      0
    168 squad[216,20]                                    1                      0
    169 squad[216,21]                                    1                      0
    175 squad[599,10]                                    1                      0
    176 squad[599,11]                                    1                      0
    183 squad[599,18]                                    1                      0
    184 squad[599,19]                                    1                      0
    185 squad[599,20]                                    1                      0
    186 squad[599,21]                                    1                      0
    221 squad[131,5]                                     1                      0
    222 squad[131,6]                                     1                      0
    223 squad[131,7]                                     1                      0
    224 squad[131,8]                                     1                      0
    225 squad[131,9]                                     1                      0
    226 squad[131,10]                                    1                      0
    227 squad[131,11]                                    1                      0
    228 squad[131,12]                                    1                      0
    229 squad[131,13]                                    1                      0
    230 squad[131,14]                                    1                      0
    231 squad[131,15]                                    1                      0
    232 squad[131,16]                                    1                      0
    233 squad[131,17]                                    1                      0
    234 squad[131,18]                                    1                      0
    235 squad[131,19]                                    1                      0
    236 squad[131,20]                                    1                      0
    237 squad[131,21]                                    1                      0
    273 squad[225,6]                                     1                      0
    274 squad[225,7]                                     1                      0
    275 squad[225,8]                                     1                      0
    276 squad[225,9]                                     1                      0
    277 squad[225,10]                                    1                      0
    278 squad[225,11]                                    1                      0
    279 squad[225,12]                                    1                      0
    280 squad[225,13]                                    1                      0
    281 squad[225,14]                                    1                      0
    282 squad[225,15]                                    1                      0
    283 squad[225,16]                                    1                      0
    284 squad[225,17]                                    1                      0
    285 squad[225,18]                                    1                      0
    286 squad[225,19]                                    1                      0
    287 squad[225,20]                                    1                      0
    288 squad[225,21]                                    1                      0
    289 squad[143,5]                                     1                      0
    347 squad[132,12]                                    1                      0
    348 squad[132,13]                                    1                      0
    349 squad[132,14]                                    1                      0
    350 squad[132,15]                                    1                      0
    351 squad[132,16]                                    1                      0
    363 squad[365,11]                                    1                      0
    368 squad[365,16]                                    1                      0
    369 squad[365,17]                                    1                      0
    430 squad[85,10]                                     1                      0
    437 squad[85,17]                                     1                      0
    438 squad[85,18]                                     1                      0
    447 squad[36,10]                                     1                      0
    448 squad[36,11]                                     1                      0
    455 squad[36,18]                                     1                      0
    456 squad[36,19]                                     1                      0
    457 squad[36,20]                                     1                      0
    458 squad[36,21]                                     1                      0
    460 squad[220,6]                                     1                      0
    461 squad[220,7]                                     1                      0
    462 squad[220,8]                                     1                      0
    463 squad[220,9]                                     1                      0
    464 squad[220,10]                                    1                      0
    465 squad[220,11]                                    1                      0
    466 squad[220,12]                                    1                      0
    467 squad[220,13]                                    1                      0
    468 squad[220,14]                                    1                      0
    469 squad[220,15]                                    1                      0
    514 squad[119,9]                                     1                      0
    544 squad[511,5]                                     1                      0
    545 squad[511,6]                                     1                      0
    546 squad[511,7]                                     1                      0
    547 squad[511,8]                                     1                      0
    548 squad[511,9]                                     1                      0
    554 squad[511,15]                                    1                      0
    555 squad[511,16]                                    1                      0
    556 squad[511,17]                                    1                      0
    557 squad[511,18]                                    1                      0
    558 squad[511,19]                                    1                      0
    559 squad[511,20]                                    1                      0
    560 squad[511,21]                                    1                      0
    568 squad[544,12]                                    1                      0
    569 squad[544,13]                                    1                      0
    570 squad[544,14]                                    1                      0
    571 squad[544,15]                                    1                      0
    572 squad[544,16]                                    1                      0
    573 squad[544,17]                                    1                      0
    599 squad[291,9]                                     1                      0
    600 squad[291,10]                                    1                      0
    601 squad[291,11]                                    1                      0
    687 squad[275,12]                                    1                      0
    688 squad[275,13]                                    1                      0
    689 squad[275,14]                                    1                      0
    690 squad[275,15]                                    1                      0
    691 squad[275,16]                                    1                      0
    692 squad[275,17]                                    1                      0
    693 squad[275,18]                                    1                      0
    694 squad[275,19]                                    1                      0
    695 squad[275,20]                                    1                      0
    696 squad[275,21]                                    1                      0
    715 squad[405,6]                                     1                      0
    716 squad[405,7]                                     1                      0
    717 squad[405,8]                                     1                      0
    718 squad[405,9]                                     1                      0
    719 squad[405,10]                                    1                      0
    720 squad[405,11]                                    1                      0
    725 squad[405,16]                                    1                      0
    726 squad[405,17]                                    1                      0
    727 squad[405,18]                                    1                      0
    728 squad[405,19]                                    1                      0
    729 squad[405,20]                                    1                      0
    730 squad[405,21]                                    1                      0
    840 squad[281,12]                                    1                      0
    841 squad[281,13]                                    1                      0
    842 squad[281,14]                                    1                      0
    843 squad[281,15]                                    1                      0
    844 squad[281,16]                                    1                      0
    845 squad[281,17]                                    1                      0
    846 squad[281,18]                                    1                      0
    857 squad[524,12]                                    1                      0
    858 squad[524,13]                                    1                      0
    859 squad[524,14]                                    1                      0
    860 squad[524,15]                                    1                      0
    861 squad[524,16]                                    1                      0
    862 squad[524,17]                                    1                      0
    863 squad[524,18]                                    1                      0
    864 squad[524,19]                                    1                      0
    865 squad[524,20]                                    1                      0
    866 squad[524,21]                                    1                      0
   1005 squad[168,7]                                     1                      0
   1006 squad[168,8]                                     1                      0
   1139 squad[20,5]                                      1                      0
   1156 squad[112,5]                                     1                      0
   1157 squad[112,6]                                     1                      0
   1158 squad[112,7]                                     1                      0
   1159 squad[112,8]                                     1                      0
   1160 squad[112,9]                                     1                      0
   1161 squad[112,10]                                    1                      0
   1162 squad[112,11]                                    1                      0
   1163 squad[112,12]                                    1                      0
   1164 squad[112,13]                                    1                      0
   1165 squad[112,14]                                    1                      0
   1170 squad[112,19]                                    1                      0
   1171 squad[112,20]                                    1                      0
   1172 squad[112,21]                                    1                      0
   1615 squad[230,5]                                     1                      0
   1616 squad[230,6]                                     1                      0
   1617 squad[230,7]                                     1                      0
   1618 squad[230,8]                                     1                      0
   1619 squad[230,9]                                     1                      0
   1620 squad[230,10]                                    1                      0
   1621 squad[230,11]                                    1                      0
   1701 squad[614,6]                                     1                      0
   1702 squad[614,7]                                     1                      0
   1703 squad[614,8]                                     1                      0
   2496 squad[135,19]                                    1                      0
   2497 squad[135,20]                                    1                      0
   2498 squad[135,21]                                    1                      0
   3230 squad[82,5]                                      1                      0
   3231 squad[82,6]                                      1                      0
   3237 squad[82,12]                                     1                      0
   3238 squad[82,13]                                     1                      0
   3239 squad[82,14]                                     1                      0
   3240 squad[82,15]                                     1                      0
   3241 squad[82,16]                                     1                      0
   3242 squad[82,17]                                     1                      0
   3243 squad[82,18]                                     1                      0
   3519 squad[195,5]                                     1                      0
   4964 squad[148,5]                                     1                      0
   5848 squad[538,5]                                     1                      0
   5849 squad[538,6]                                     1                      0
   5850 squad[538,7]                                     1                      0
   5851 squad[538,8]                                     1                      0
   5852 squad[538,9]                                     1                      0
   5853 squad[538,10]                                    1                      0
   5854 squad[538,11]                                    1                      0
  12342 lineup[308,6]                                    1                 -6.941
  12343 lineup[308,7]                                    1                 -6.661
  12344 lineup[308,8]                                    1                 -5.959
  12345 lineup[308,9]                                    1                 -7.132
  12346 lineup[308,10]                                   1                 -7.392
  12347 lineup[308,11]                                   1                 -8.246
  12348 lineup[308,12]                                   1                 -6.507
  12349 lineup[308,13]                                   1                 -5.443
  12350 lineup[308,14]                                   1                  -7.55
  12351 lineup[308,15]                                   1                 -8.424
  12352 lineup[308,16]                                   1                 -6.255
  12353 lineup[308,17]                                   1                 -6.692
  12354 lineup[308,18]                                   1                 -6.032
  12355 lineup[308,19]                                   1                 -8.269
  12356 lineup[308,20]                                   1                 -6.091
  12357 lineup[308,21]                                   1                 -7.301
  12363 lineup[355,11]                                   1                 -7.811
  12371 lineup[355,19]                                   1                 -7.058
  12372 lineup[355,20]                                   1                 -9.127
  12373 lineup[355,21]                                   1                 -5.954
  12374 lineup[516,6]                                    1                 -5.371
  12375 lineup[516,7]                                    1                 -5.503
  12376 lineup[516,8]                                    1                 -7.966
  12377 lineup[516,9]                                    1                 -6.731
  12378 lineup[516,10]                                   1                 -5.816
  12379 lineup[516,11]                                   1                 -5.856
  12380 lineup[516,12]                                   1                 -6.478
  12381 lineup[516,13]                                   1                  -5.97
  12382 lineup[516,14]                                   1                 -5.112
  12383 lineup[516,15]                                   1                 -6.218
  12384 lineup[516,16]                                   1                 -5.518
  12385 lineup[516,17]                                   1                 -6.552
  12386 lineup[516,18]                                   1                 -6.504
  12387 lineup[516,19]                                   1                  -5.33
  12388 lineup[516,20]                                   1                 -6.851
  12389 lineup[516,21]                                   1                  -5.81
  12390 lineup[19,6]                                     1                 -6.005
  12391 lineup[19,7]                                     1                 -6.586
  12392 lineup[19,8]                                     1                 -4.968
  12393 lineup[19,9]                                     1                 -5.444
  12394 lineup[19,10]                                    1                 -6.953
  12395 lineup[19,11]                                    1                  -5.17
  12396 lineup[19,12]                                    1                 -6.637
  12397 lineup[19,13]                                    1                 -5.522
  12398 lineup[19,14]                                    1                 -6.658
  12399 lineup[19,15]                                    1                 -6.453
  12406 lineup[108,6]                                    1                 -5.801
  12407 lineup[108,7]                                    1                 -5.894
  12408 lineup[108,8]                                    1                 -5.169
  12409 lineup[108,9]                                    1                 -7.164
  12410 lineup[108,10]                                   1                 -5.066
  12414 lineup[108,14]                                   1                 -7.192
  12415 lineup[108,15]                                   1                 -4.859
  12416 lineup[108,16]                                   1                 -7.276
  12417 lineup[108,17]                                   1                 -5.483
  12419 lineup[108,19]                                   1                 -6.426
  12420 lineup[108,20]                                   1                 -5.193
  12421 lineup[108,21]                                   1                 -6.112
  12428 lineup[526,12]                                   1                 -5.702
  12429 lineup[526,13]                                   1                 -6.494
  12454 lineup[373,6]                                    1                 -5.809
  12455 lineup[373,7]                                    1                 -4.992
  12456 lineup[373,8]                                    1                 -4.961
  12457 lineup[373,9]                                    1                  -5.97
  12476 lineup[140,12]                                   1                 -6.551
  12477 lineup[140,13]                                   1                 -5.328
  12478 lineup[140,14]                                   1                 -4.718
  12479 lineup[140,15]                                   1                 -4.919
  12480 lineup[140,16]                                   1                 -6.326
  12497 lineup[216,17]                                   1                 -6.435
  12498 lineup[216,18]                                   1                 -5.181
  12499 lineup[216,19]                                   1                  -4.85
  12500 lineup[216,20]                                   1                 -6.279
  12501 lineup[216,21]                                   1                 -5.352
  12506 lineup[599,10]                                   1                 -6.372
  12507 lineup[599,11]                                   1                 -5.117
  12514 lineup[599,18]                                   1                 -6.348
  12515 lineup[599,19]                                   1                 -4.442
  12516 lineup[599,20]                                   1                 -6.349
  12517 lineup[599,21]                                   1                  -4.79
  12550 lineup[131,6]                                    1                 -5.594
  12551 lineup[131,7]                                    1                 -4.153
  12552 lineup[131,8]                                    1                 -3.965
  12554 lineup[131,10]                                   1                 -5.454
  12555 lineup[131,11]                                   1                 -4.682
  12556 lineup[131,12]                                   1                 -6.229
  12557 lineup[131,13]                                   1                 -4.994
  12558 lineup[131,14]                                   1                 -4.072
  12559 lineup[131,15]                                   1                 -4.435
  12560 lineup[131,16]                                   1                  -6.19
  12563 lineup[131,19]                                   1                 -4.949
  12564 lineup[131,20]                                   1                 -4.487
  12565 lineup[131,21]                                   1                 -5.499
  12598 lineup[225,6]                                    1                 -5.027
  12599 lineup[225,7]                                    1                 -4.428
  12600 lineup[225,8]                                    1                 -4.782
  12601 lineup[225,9]                                    1                 -4.289
  12602 lineup[225,10]                                   1                 -4.627
  12603 lineup[225,11]                                   1                 -5.264
  12605 lineup[225,13]                                   1                 -5.333
  12606 lineup[225,14]                                   1                 -4.512
  12607 lineup[225,15]                                   1                 -4.917
  12610 lineup[225,18]                                   1                 -4.681
  12668 lineup[132,12]                                   1                 -6.089
  12672 lineup[132,16]                                   1                 -5.854
  12683 lineup[365,11]                                   1                 -5.357
  12688 lineup[365,16]                                   1                 -6.076
  12689 lineup[365,17]                                   1                 -4.775
  12746 lineup[85,10]                                    1                 -5.445
  12753 lineup[85,17]                                    1                 -5.445
  12754 lineup[85,18]                                    1                 -4.572
  12762 lineup[36,10]                                    1                 -6.394
  12763 lineup[36,11]                                    1                 -4.568
  12770 lineup[36,18]                                    1                 -6.275
  12772 lineup[36,20]                                    1                  -6.26
  12773 lineup[36,21]                                    1                 -4.311
  12774 lineup[220,6]                                    1                 -5.125
  12776 lineup[220,8]                                    1                 -5.401
  12778 lineup[220,10]                                   1                 -4.635
  12779 lineup[220,11]                                   1                  -4.98
  12780 lineup[220,12]                                   1                 -5.036
  12781 lineup[220,13]                                   1                 -5.006
  12782 lineup[220,14]                                   1                 -4.262
  12783 lineup[220,15]                                   1                 -5.312
  12825 lineup[119,9]                                    1                 -5.404
  12856 lineup[511,8]                                    1                 -5.981
  12857 lineup[511,9]                                    1                  -4.82
  12865 lineup[511,17]                                   1                 -4.598
  12866 lineup[511,18]                                   1                 -4.956
  12868 lineup[511,20]                                   1                 -5.094
  12876 lineup[544,12]                                   1                  -4.95
  12877 lineup[544,13]                                   1                 -4.673
  12880 lineup[544,16]                                   1                 -4.213
  12881 lineup[544,17]                                   1                 -4.739
  12905 lineup[291,9]                                    1                 -4.653
  12906 lineup[291,10]                                   1                 -5.043
  12907 lineup[291,11]                                   1                 -4.471
  12989 lineup[275,13]                                   1                 -4.486
  12991 lineup[275,15]                                   1                 -4.688
  12992 lineup[275,16]                                   1                 -4.217
  12994 lineup[275,18]                                   1                 -4.948
  12995 lineup[275,19]                                   1                 -4.185
  12996 lineup[275,20]                                   1                 -3.666
  13014 lineup[405,6]                                    1                 -4.454
  13015 lineup[405,7]                                    1                 -5.466
  13017 lineup[405,9]                                    1                 -3.995
  13025 lineup[405,17]                                   1                 -4.702
  13026 lineup[405,18]                                   1                 -4.467
  13027 lineup[405,19]                                   1                  -5.06
  13135 lineup[281,15]                                   1                 -4.733
  13136 lineup[281,16]                                   1                 -4.188
  13138 lineup[281,18]                                   1                 -5.049
  13148 lineup[524,12]                                   1                 -4.472
  13150 lineup[524,14]                                   1                 -3.868
  13153 lineup[524,17]                                   1                 -4.368
  13157 lineup[524,21]                                   1                 -4.235
  13287 lineup[168,7]                                    1                 -7.539
  13288 lineup[168,8]                                    1                 -3.312
  13430 lineup[112,6]                                    1                 -4.433
  13431 lineup[112,7]                                    1                 -3.995
  13433 lineup[112,9]                                    1                 -5.062
  13438 lineup[112,14]                                   1                 -5.192
  13443 lineup[112,19]                                   1                 -4.528
  13445 lineup[112,21]                                   1                 -4.673
  13862 lineup[230,6]                                    1                 -3.833
  13864 lineup[230,8]                                    1                 -4.028
  13943 lineup[614,7]                                    1                 -7.113
  14691 lineup[135,19]                                   1                  -2.72
  14692 lineup[135,20]                                   1                 -2.633
  14693 lineup[135,21]                                   1                 -3.281
  15388 lineup[82,12]                                    1                 -2.207
  15389 lineup[82,13]                                    1                 -3.001
  15390 lineup[82,14]                                    1                 -2.243
  15391 lineup[82,15]                                    1                 -2.243
  15392 lineup[82,16]                                    1                 -2.202
  15393 lineup[82,17]                                    1                 -3.014
  18326 captain[308,6]                                   1                 -6.941
  18330 captain[308,10]                                  1                 -7.392
  18331 captain[308,11]                                  1                 -8.246
  18334 captain[308,14]                                  1                  -7.55
  18335 captain[308,15]                                  1                 -8.424
  18336 captain[308,16]                                  1                 -6.255
  18337 captain[308,17]                                  1                 -6.692
  18339 captain[308,19]                                  1                 -8.269
  18341 captain[308,21]                                  1                 -7.301
  18356 captain[355,20]                                  1                 -9.127
  18360 captain[516,8]                                   1                 -7.966
  18370 captain[516,18]                                  1                 -6.504
  18380 captain[19,12]                                   1                 -6.637
  18393 captain[108,9]                                   1                 -7.164
  18413 captain[526,13]                                  1                 -6.494
  19271 captain[168,7]                                   1                 -7.539
  24313 vicecap[308,9]                                   1                -0.7132
  24331 vicecap[355,11]                                  1                -0.7811
  24339 vicecap[355,19]                                  1                -0.7058
  24353 vicecap[516,17]                                  1                -0.6552
  24356 vicecap[516,20]                                  1                -0.6851
  24358 vicecap[19,6]                                    1                -0.6005
  24362 vicecap[19,10]                                   1                -0.6953
  24382 vicecap[108,14]                                  1                -0.7192
  24384 vicecap[108,16]                                  1                -0.7276
  24389 vicecap[108,21]                                  1                -0.6112
  24444 vicecap[140,12]                                  1                -0.6551
  24482 vicecap[599,18]                                  1                -0.6348
  24751 vicecap[220,15]                                  1                -0.5312
  24824 vicecap[511,8]                                   1                -0.5981
  24845 vicecap[544,13]                                  1                -0.4673
  25911 vicecap[614,7]                                   1                -0.7113
  30600 bench[108,18,2]                                  1                      0
  31140 bench[131,9,2]                                   1               -0.17814
  31172 bench[131,17,2]                                  1               -0.21936
  31175 bench[131,18,1]                                  1               -0.87171
  31343 bench[225,12,1]                                  1               -0.99855
  31359 bench[225,16,1]                                  1               -0.92988
  31363 bench[225,17,1]                                  1               -0.87171
  31371 bench[225,19,1]                                  1               -0.91434
  31375 bench[225,20,1]                                  1               -0.94626
  31379 bench[225,21,1]                                  1               -0.90405
  31603 bench[132,13,1]                                  1               -1.04391
  31607 bench[132,14,1]                                  1               -0.86961
  31611 bench[132,15,1]                                  1               -0.85008
  32012 bench[36,19,2]                                   1               -0.21936
  32027 bench[220,7,1]                                   1               -0.79191
  32035 bench[220,9,1]                                   1               -0.73038
  32343 bench[511,6,1]                                   1               -0.66717
  32348 bench[511,7,2]                                   1                -0.2091
  32381 bench[511,15,3]                                  1              -0.013152
  32385 bench[511,16,3]                                  1               -0.01044
  32397 bench[511,19,3]                                  1              -0.009837
  32404 bench[511,21,2]                                  1               -0.21576
  32440 bench[544,14,2]                                  1               -0.24318
  32444 bench[544,15,2]                                  1               -0.23022
  32878 bench[275,12,0]                                  1               -0.10902
  32886 bench[275,14,0]                                  1               -0.09819
  32898 bench[275,17,0]                                  1               -0.09957
  32914 bench[275,21,0]                                  1               -0.10824
  32991 bench[405,8,1]                                   1               -0.74382
  32999 bench[405,10,1]                                  1               -0.81711
  33004 bench[405,11,2]                                  1                -0.1938
  33024 bench[405,16,2]                                  1               -0.21042
  33041 bench[405,20,3]                                  1              -0.008184
  33045 bench[405,21,3]                                  1               -0.00723
  33456 bench[281,12,2]                                  1               -0.20886
  33460 bench[281,13,2]                                  1               -0.27312
  33465 bench[281,14,3]                                  1              -0.008577
  33477 bench[281,17,3]                                  1               -0.00873
  33522 bench[524,13,0]                                  1                -0.1269
  33530 bench[524,15,0]                                  1               -0.10941
  33534 bench[524,16,0]                                  1               -0.11832
  33542 bench[524,18,0]                                  1                -0.1101
  33546 bench[524,19,0]                                  1               -0.09726
  33550 bench[524,20,0]                                  1               -0.10557
  34656 bench[112,8,2]                                   1               -0.19098
  34664 bench[112,10,2]                                  1               -0.19758
  34667 bench[112,11,1]                                  1               -0.85449
  34673 bench[112,12,3]                                  1              -0.008358
  34677 bench[112,13,3]                                  1              -0.009528
  34704 bench[112,20,2]                                  1               -0.19614
  36378 bench[230,7,0]                                   1               -0.09117
  36386 bench[230,9,0]                                   1                -0.0834
  36390 bench[230,10,0]                                  1               -0.10599
  36394 bench[230,11,0]                                  1                -0.1119
  36694 bench[614,6,0]                                   1               -0.10863
  36702 bench[614,8,0]                                   1               -0.09846
  42456 bench[82,6,2]                                    1               -0.12948
  42505 bench[82,18,3]                                   1              -0.007191
  52313 bench[538,6,3]                                   1              -0.000495
  52317 bench[538,7,3]                                   1              -0.001197
  52321 bench[538,8,3]                                   1              -0.000504
  52325 bench[538,9,3]                                   1              -0.000888
  52329 bench[538,10,3]                                  1              -0.000696
  52333 bench[538,11,3]                                  1              -0.000576
  54251 transfer_in[355,11]                              1                  7.755
  54259 transfer_in[355,19]                              1                  2.115
  54262 transfer_in[516,6]                               1                   7.28
  54302 transfer_in[108,14]                              1                   2.76
  54316 transfer_in[526,12]                              1                   3.55
  54364 transfer_in[140,12]                              1                    3.3
  54385 transfer_in[216,17]                              1                    1.8
  54394 transfer_in[599,10]                              1                   3.96
  54402 transfer_in[599,18]                              1                   1.32
  54486 transfer_in[225,6]                               1                   4.48
  54556 transfer_in[132,12]                              1                      3
  54571 transfer_in[365,11]                              1                  3.135
  54576 transfer_in[365,16]                              1                   1.71
  54634 transfer_in[85,10]                               1                    3.9
  54641 transfer_in[85,17]                               1                  1.625
  54650 transfer_in[36,10]                               1                   2.82
  54658 transfer_in[36,18]                               1                   0.94
  54662 transfer_in[220,6]                               1                   3.68
  54713 transfer_in[119,9]                               1                  3.965
  54751 transfer_in[511,15]                              1                  1.645
  54764 transfer_in[544,12]                              1                   2.25
  54793 transfer_in[291,9]                               1                  3.575
  54876 transfer_in[275,12]                              1                    2.3
  54902 transfer_in[405,6]                               1                    3.6
  54912 transfer_in[405,16]                              1                   1.35
  55020 transfer_in[281,12]                              1                   2.25
  55036 transfer_in[524,12]                              1                   2.05
  55175 transfer_in[168,7]                               1                   3.75
  55331 transfer_in[112,19]                              1                  0.675
  55830 transfer_in[614,6]                               1                    3.6
  56579 transfer_in[135,19]                              1                   0.81
  57276 transfer_in[82,12]                               1                   2.25
  60230 tr_out_first[195,6]                              1                  -4.56
  60246 tr_out_first[20,6]                               1                  -4.08
  60267 tr_out_first[108,11]                             1                 -3.685
  60288 tr_out_first[19,16]                              1                  -2.58
  60294 tr_out_first[355,6]                              1                  -11.2
  60332 tr_out_reg[355,12]                               1                  -7.05
  60398 tr_out_reg[526,14]                               1                  -2.84
  60426 tr_out_reg[373,10]                               1                  -5.04
  60449 tr_out_reg[140,17]                               1                  -1.65
  60476 tr_out_reg[599,12]                               1                   -3.3
  60582 tr_out_reg[143,6]                                1                   -5.2
  60641 tr_out_reg[132,17]                               1                   -1.5
  60652 tr_out_reg[365,12]                               1                  -2.85
  60658 tr_out_reg[365,18]                               1                  -1.14
  60715 tr_out_reg[85,11]                                1                 -3.575
  60723 tr_out_reg[85,19]                                1                 -0.975
  60732 tr_out_reg[36,12]                                1                  -2.35
  60752 tr_out_reg[220,16]                               1                  -1.38
  60794 tr_out_reg[119,10]                               1                  -3.66
  60826 tr_out_reg[511,10]                               1                  -2.82
  60850 tr_out_reg[544,18]                               1                   -0.9
  60876 tr_out_reg[291,12]                               1                  -2.75
  60988 tr_out_reg[405,12]                               1                  -2.25
  61107 tr_out_reg[281,19]                               1                 -0.675
  61257 tr_out_reg[168,9]                                1                  -3.25
  61407 tr_out_reg[112,15]                               1                 -1.575
  61836 tr_out_reg[230,12]                               1                  -2.25
  61913 tr_out_reg[614,9]                                1                 -2.925
  63351 tr_out_reg[82,7]                                 1                 -3.375
  63363 tr_out_reg[82,19]                                1                 -0.675
  64982 tr_out_reg[148,6]                                1                  -3.52
  65820 tr_out_reg[538,12]                               1                   -2.2
  66294 itb[5]                                         0.5                      0
  66295 itb[6]                                         7.9                      0
  66296 itb[7]                                         7.4                      0
  66297 itb[8]                                         7.4                      0
  66298 itb[9]                                         5.3                      0
  66299 itb[10]                                        6.7                      0
  66300 itb[11]                                        0.1                      0
  66301 itb[12]                                        8.2                      0
  66302 itb[13]                                        8.2                      0
  66303 itb[14]                                        8.4                      0
  66304 itb[15]                                        8.2                      0
  66305 itb[16]                                       11.2                      0
  66306 itb[17]                                       10.1                      0
  66307 itb[18]                                          9                      0
  66308 itb[19]                                        0.5                      0
  66309 itb[20]                                        0.5                      0
  66310 itb[21]                                        0.5                      0
  66312 ft[6]                                            2                   -1.5
  66313 ft[7]                                            1                   -1.5
  66314 ft[8]                                            1                   -1.5
  66315 ft[9]                                            2                   -1.5
  66316 ft[10]                                           1                   -1.5
  66317 ft[11]                                           1                   -1.5
  66318 ft[12]                                           1                   -1.5
  66319 ft[13]                                           1                   -1.5
  66320 ft[14]                                           2                   -1.5
  66321 ft[15]                                           2                   -1.5
  66322 ft[16]                                           2                   -1.5
  66323 ft[17]                                           1                   -1.5
  66324 ft[18]                                           1                   -1.5
  66325 ft[19]                                           1                   -1.5
  66326 ft[20]                                           1                   -1.5
  66327 ft[21]                                           2                   -1.5
  66328 pt[6]                                            3                      4
  66332 pt[10]                                           2                      4
  66333 pt[11]                                           1                      4
  66339 pt[17]                                           1                      4
  66340 pt[18]                                           1                      4
  66341 pt[19]                                           2                      4
  66347 aux[9]                                           1                      0
  66352 aux[14]                                          1                      0
  66353 aux[15]                                          1                      0
  66354 aux[16]                                          1                      0
  66359 aux[21]                                          1                      0
  66366 use_wc[12]                                       1                      0
