Optimal (within gap tolerance) - objective value -269.89651520
      0 squad[318,21]                                    1                       0
      1 squad[318,22]                                    1                       0
      2 squad[318,23]                                    1                       0
      3 squad[318,24]                                    1                       0
      4 squad[318,25]                                    1                       0
      5 squad[318,26]                                    1                       0
      8 squad[283,23]                                    1                       0
      9 squad[283,24]                                    1                       0
     10 squad[283,25]                                    1                       0
     11 squad[283,26]                                    1                       0
     12 squad[13,21]                                     1                       0
     13 squad[13,22]                                     1                       0
     14 squad[13,23]                                     1                       0
     15 squad[13,24]                                     1                       0
     16 squad[13,25]                                     1                       0
     17 squad[13,26]                                     1                       0
     19 squad[7,22]                                      1                       0
     20 squad[7,23]                                      1                       0
     21 squad[7,24]                                      1                       0
     22 squad[7,25]                                      1                       0
     23 squad[7,26]                                      1                       0
     30 squad[301,21]                                    1                       0
     54 squad[16,21]                                     1                       0
     55 squad[16,22]                                     1                       0
     56 squad[16,23]                                     1                       0
     57 squad[16,24]                                     1                       0
     58 squad[16,25]                                     1                       0
     59 squad[16,26]                                     1                       0
     60 squad[335,21]                                    1                       0
     61 squad[335,22]                                    1                       0
     62 squad[335,23]                                    1                       0
     63 squad[335,24]                                    1                       0
     64 squad[335,25]                                    1                       0
     65 squad[335,26]                                    1                       0
     67 squad[284,22]                                    1                       0
     68 squad[284,23]                                    1                       0
     69 squad[284,24]                                    1                       0
     70 squad[284,25]                                    1                       0
     71 squad[284,26]                                    1                       0
     78 squad[307,21]                                    1                       0
     79 squad[307,22]                                    1                       0
     80 squad[307,23]                                    1                       0
     81 squad[307,24]                                    1                       0
     82 squad[307,25]                                    1                       0
     83 squad[307,26]                                    1                       0
     90 squad[133,21]                                    1                       0
     97 squad[333,22]                                    1                       0
    126 squad[332,21]                                    1                       0
    127 squad[332,22]                                    1                       0
    128 squad[332,23]                                    1                       0
    129 squad[332,24]                                    1                       0
    130 squad[332,25]                                    1                       0
    131 squad[332,26]                                    1                       0
    145 squad[238,22]                                    1                       0
    146 squad[238,23]                                    1                       0
    147 squad[238,24]                                    1                       0
    148 squad[238,25]                                    1                       0
    149 squad[238,26]                                    1                       0
    150 squad[210,21]                                    1                       0
    151 squad[210,22]                                    1                       0
    152 squad[210,23]                                    1                       0
    153 squad[210,24]                                    1                       0
    154 squad[210,25]                                    1                       0
    155 squad[210,26]                                    1                       0
    199 squad[315,22]                                    1                       0
    200 squad[315,23]                                    1                       0
    234 squad[357,21]                                    1                       0
    247 squad[222,22]                                    1                       0
    248 squad[222,23]                                    1                       0
    301 squad[619,22]                                    1                       0
    302 squad[619,23]                                    1                       0
    303 squad[619,24]                                    1                       0
    304 squad[619,25]                                    1                       0
    305 squad[619,26]                                    1                       0
    333 squad[480,24]                                    1                       0
    334 squad[480,25]                                    1                       0
    335 squad[480,26]                                    1                       0
    405 squad[516,24]                                    1                       0
    406 squad[516,25]                                    1                       0
    407 squad[516,26]                                    1                       0
    427 squad[39,22]                                     1                       0
    428 squad[39,23]                                     1                       0
    429 squad[39,24]                                     1                       0
    430 squad[39,25]                                     1                       0
    431 squad[39,26]                                     1                       0
    450 squad[346,21]                                    1                       0
    504 squad[358,21]                                    1                       0
   1020 squad[345,21]                                    1                       0
   1914 squad[112,21]                                    1                       0
   2532 squad[160,21]                                    1                       0
   5533 lineup[318,22]                                   1               -7.209093
   5534 lineup[318,23]                                   1               -8.096436
   5535 lineup[318,24]                                   1                -4.70259
   5536 lineup[318,25]                                   1                -3.05272
   5537 lineup[318,26]                                   1               -3.249998
   5539 lineup[283,23]                                   1                -5.54888
   5540 lineup[283,24]                                   1               -3.228939
   5541 lineup[283,25]                                   1               -3.748249
   5542 lineup[283,26]                                   1                 -4.2106
   5543 lineup[13,22]                                    1               -4.907666
   5544 lineup[13,23]                                    1               -7.819036
   5545 lineup[13,24]                                    1               -3.203664
   5546 lineup[13,25]                                    1                -2.70818
   5547 lineup[13,26]                                    1               -2.255231
   5548 lineup[7,22]                                     1               -5.444853
   5549 lineup[7,23]                                     1               -6.267006
   5550 lineup[7,24]                                     1               -3.740124
   5551 lineup[7,25]                                     1               -2.522259
   5552 lineup[7,26]                                     1                -1.68128
   5578 lineup[16,22]                                    1               -4.569599
   5579 lineup[16,23]                                    1               -6.151295
   5580 lineup[16,24]                                    1                -2.54116
   5581 lineup[16,25]                                    1                -2.64351
   5582 lineup[16,26]                                    1               -1.857744
   5583 lineup[335,22]                                   1               -9.784509
   5584 lineup[335,23]                                   1               -3.863581
   5585 lineup[335,24]                                   1               -3.504069
   5587 lineup[335,26]                                   1               -2.152785
   5588 lineup[284,22]                                   1               -5.038755
   5589 lineup[284,23]                                   1               -4.666593
   5591 lineup[284,25]                                   1               -2.430145
   5592 lineup[284,26]                                   1               -2.427293
   5599 lineup[307,23]                                   1               -6.265785
   5600 lineup[307,24]                                   1               -3.038909
   5601 lineup[307,25]                                   1               -2.366727
   5602 lineup[307,26]                                   1               -1.783706
   5613 lineup[333,22]                                   1               -9.965245
   5638 lineup[332,22]                                   1              -10.091602
   5639 lineup[332,23]                                   1                -3.59751
   5640 lineup[332,24]                                   1               -3.056797
   5653 lineup[238,22]                                   1               -6.666354
   5659 lineup[210,23]                                   1               -4.036542
   5660 lineup[210,24]                                   1               -2.751174
   5661 lineup[210,25]                                   1               -2.309746
   5662 lineup[210,26]                                   1               -1.701941
   5699 lineup[315,23]                                   1               -4.684379
   5738 lineup[222,22]                                   1               -6.068283
   5783 lineup[619,22]                                   1               -7.717024
   5810 lineup[480,24]                                   1               -2.554572
   5811 lineup[480,25]                                   1               -1.850132
   5812 lineup[480,26]                                   1               -2.036052
   5870 lineup[516,24]                                   1               -3.129187
   5871 lineup[516,25]                                   1               -1.780522
   5891 lineup[39,25]                                    1               -2.460265
   5892 lineup[39,26]                                    1               -1.840886
   8049 captain[318,23]                                  1               -8.096436
   8050 captain[318,24]                                  1                -4.70259
   8056 captain[283,25]                                  1               -3.748249
   8057 captain[283,26]                                  1                 -4.2106
   8153 captain[332,22]                                  1              -10.091602
  10566 vicecap[318,25]                                  1               -0.305272
  10567 vicecap[318,26]                                  1                  -0.325
  10574 vicecap[13,23]                                   1               -0.781904
  10580 vicecap[7,24]                                    1               -0.374012
  10643 vicecap[333,22]                                  1               -0.996524
  13292 bench[335,25,2]                                  1                       0
  13307 bench[284,24,1]                                  1               -0.432226
  13338 bench[307,22,0]                                  1               -0.107086
  13513 bench[332,25,3]                                  1                       0
  13516 bench[332,26,2]                                  1               -0.088255
  13562 bench[238,23,0]                                  1               -0.076535
  13566 bench[238,24,0]                                  1                -0.07511
  13570 bench[238,25,0]                                  1               -0.063582
  13574 bench[238,26,0]                                  1                -0.04073
  13579 bench[210,22,1]                                  1               -0.936573
  13741 bench[315,22,3]                                  1               -0.008349
  13904 bench[222,23,2]                                  1               -0.131118
  14083 bench[619,23,1]                                  1               -0.634321
  14089 bench[619,24,3]                                  1               -0.004103
  14091 bench[619,25,1]                                  1               -0.193705
  14097 bench[619,26,3]                                  1               -0.002943
  14435 bench[516,26,1]                                  1               -0.335391
  14500 bench[39,22,2]                                   1               -0.208251
  14505 bench[39,23,3]                                   1               -0.004304
  14508 bench[39,24,2]                                   1               -0.108084
  23144 transfer_in[283,23]                              1               6.3894784
  23153 transfer_in[7,22]                                1               4.8243282
  23193 transfer_in[284,22]                              1               4.7544104
  23218 transfer_in[333,22]                              1               6.9218622
  23258 transfer_in[238,22]                              1                3.146301
  23303 transfer_in[315,22]                              1               3.9153968
  23343 transfer_in[222,22]                              1                3.146301
  23388 transfer_in[619,22]                              1                 3.49589
  23415 transfer_in[480,24]                              1               1.8099612
  23475 transfer_in[516,24]                              1               1.4747832
  23493 transfer_in[39,22]                               1               3.0064654
  25653 tr_out_first[133,22]                             1               -3.146301
  25658 tr_out_first[357,22]                             1              -4.1251502
  25663 tr_out_first[358,22]                             1               -3.146301
  25688 tr_out_first[160,22]                             1              -5.1039994
  25718 tr_out_reg[301,22]                               1               -8.739725
  25774 tr_out_reg[333,23]                               1              -4.9418622
  25860 tr_out_reg[315,24]                               1              -1.8769968
  25900 tr_out_reg[222,24]                               1               -1.508301
  26068 tr_out_reg[346,22]                               1               -3.146301
  26543 tr_out_reg[345,22]                               1               -4.544657
  27288 tr_out_reg[112,22]                               1              -3.5658078
  28208 itb[21]                                        0.2                       0
  28209 itb[22]                                        3.5           5.5511151e-17
  28210 itb[23]                                        0.6                       0
  28211 itb[24]                                        0.9                       0
  28212 itb[25]                                        0.9                       0
  28213 itb[26]                                        0.9                       0
  28215 ft[22]                                           2                    -1.5
  28216 ft[23]                                           1                   -1.23
  28217 ft[24]                                           1                 -1.0086
  28218 ft[25]                                           1               -0.827052
  28219 ft[26]                                           2               -0.678183
  28222 pt[24]                                           1                  2.6896
  28229 aux[26]                                          1                       0
  28230 use_wc[22]                                       1                       0
