Optimal (within gap tolerance) - objective value -153.08454400
      0 squad[333,36]                                    1                       0
      1 squad[333,37]                                    1                       0
      2 squad[333,38]                                    1                       0
      3 squad[318,36]                                    1                       0
      4 squad[318,37]                                    1                       0
      5 squad[318,38]                                    1                       0
      6 squad[124,36]                                    1                       0
      7 squad[124,37]                                    1                       0
      8 squad[124,38]                                    1                       0
      9 squad[116,36]                                    1                       0
     10 squad[116,37]                                    1                       0
     11 squad[116,38]                                    1                       0
     12 squad[283,36]                                    1                       0
     13 squad[283,37]                                    1                       0
     14 squad[283,38]                                    1                       0
     15 squad[104,36]                                    1                       0
     16 squad[104,37]                                    1                       0
     17 squad[104,38]                                    1                       0
     21 squad[357,36]                                    1                       0
     22 squad[357,37]                                    1                       0
     23 squad[357,38]                                    1                       0
     24 squad[332,36]                                    1                       0
     25 squad[332,37]                                    1                       0
     26 squad[332,38]                                    1                       0
     39 squad[307,36]                                    1                       0
     40 squad[307,37]                                    1                       0
     48 squad[133,36]                                    1                       0
     49 squad[133,37]                                    1                       0
     50 squad[133,38]                                    1                       0
     58 squad[329,37]                                    1                       0
     59 squad[329,38]                                    1                       0
     63 squad[377,36]                                    1                       0
     64 squad[377,37]                                    1                       0
     65 squad[377,38]                                    1                       0
     77 squad[175,38]                                    1                       0
     81 squad[312,36]                                    1                       0
     82 squad[312,37]                                    1                       0
     99 squad[358,36]                                    1                       0
    114 squad[40,36]                                     1                       0
    115 squad[40,37]                                     1                       0
    116 squad[40,38]                                     1                       0
    120 squad[66,36]                                     1                       0
    121 squad[66,37]                                     1                       0
    122 squad[66,38]                                     1                       0
    152 squad[10,38]                                     1                       0
   1920 lineup[333,37]                                   1                 -11.192
   1921 lineup[333,38]                                   1                 -4.6072
   1922 lineup[318,37]                                   1                  -10.43
   1923 lineup[318,38]                                   1                   -4.64
   1924 lineup[124,37]                                   1                  -8.557
   1925 lineup[124,38]                                   1                 -3.5296
   1926 lineup[116,37]                                   1                  -8.092
   1927 lineup[116,38]                                   1                  -3.044
   1928 lineup[283,37]                                   1                    -6.1
   1929 lineup[283,38]                                   1                 -4.9856
   1930 lineup[104,37]                                   1                  -7.703
   1934 lineup[357,37]                                   1                  -4.892
   1935 lineup[357,38]                                   1                  -3.376
   1936 lineup[332,37]                                   1                  -7.906
   1937 lineup[332,38]                                   1                   -3.34
   1946 lineup[307,37]                                   1                  -7.461
   1958 lineup[329,37]                                   1                   -6.88
   1971 lineup[175,38]                                   1                 -3.9976
   1974 lineup[312,37]                                   1                  -6.631
   1997 lineup[40,38]                                    1                  -3.132
   2001 lineup[66,38]                                    1                 -3.3008
   2021 lineup[10,38]                                    1                 -3.6208
   2688 captain[333,37]                                  1                 -11.192
   2697 captain[283,38]                                  1                 -4.9856
   3458 vicecap[318,37]                                  1                  -1.043
   3459 vicecap[318,38]                                  1                  -0.464
   4269 bench[104,38,1]                                  1               -0.633696
   4352 bench[133,37,0]                                  1                -0.19815
   4356 bench[133,38,0]                                  1               -0.086328
   4382 bench[329,38,2]                                  1               -0.174768
   4393 bench[377,37,1]                                  1                -0.84588
   4399 bench[377,38,3]                                  1               -0.008162
   4530 bench[40,37,2]                                   1                 -0.2319
   4547 bench[66,37,3]                                   1                -0.01146
   7334 transfer_in[329,37]                              1                   1.728
   7347 transfer_in[175,38]                              1                   0.704
   7397 transfer_in[10,38]                               1                     0.8
   8103 tr_out_reg[307,38]                               1                  -0.864
   8131 tr_out_reg[312,38]                               1                   -0.96
   8142 tr_out_reg[358,37]                               1                   -1.62
   8844 itb[36]                                        0.5                       0
   8845 itb[37]                                        0.2                       0
   8846 itb[38]                                        2.2                       0
   8848 ft[37]                                           2                    -1.5
   8849 ft[38]                                           2                    -1.2
   8853 aux[38]                                          1                       0
