Optimal (within gap tolerance) - objective value -184.56963550
      0 squad[308,6]                                    1                      0
      1 squad[308,7]                                    1                      0
      2 squad[308,8]                                    1                      0
      3 squad[308,9]                                    1                      0
      4 squad[355,6]                                    1                      0
      5 squad[355,7]                                    1                      0
     10 squad[516,8]                                    1                      0
     11 squad[516,9]                                    1                      0
     14 squad[8,8]                                      1                      0
     15 squad[8,9]                                      1                      0
     18 squad[504,8]                                    1                      0
     19 squad[504,9]                                    1                      0
     20 squad[373,6]                                    1                      0
     21 squad[373,7]                                    1                      0
     22 squad[373,8]                                    1                      0
     23 squad[373,9]                                    1                      0
     28 squad[108,6]                                    1                      0
     29 squad[108,7]                                    1                      0
     30 squad[108,8]                                    1                      0
     31 squad[108,9]                                    1                      0
     48 squad[131,6]                                    1                      0
     49 squad[131,7]                                    1                      0
     54 squad[36,8]                                     1                      0
     55 squad[36,9]                                     1                      0
     60 squad[143,6]                                    1                      0
     61 squad[143,7]                                    1                      0
     80 squad[405,6]                                    1                      0
     81 squad[405,7]                                    1                      0
     98 squad[275,8]                                    1                      0
     99 squad[275,9]                                    1                      0
    106 squad[281,8]                                    1                      0
    107 squad[281,9]                                    1                      0
    124 squad[511,6]                                    1                      0
    125 squad[511,7]                                    1                      0
    126 squad[511,8]                                    1                      0
    127 squad[511,9]                                    1                      0
    128 squad[326,6]                                    1                      0
    129 squad[326,7]                                    1                      0
    154 squad[220,8]                                    1                      0
    155 squad[220,9]                                    1                      0
    178 squad[119,8]                                    1                      0
    179 squad[119,9]                                    1                      0
    222 squad[439,8]                                    1                      0
    223 squad[439,9]                                    1                      0
    300 squad[230,6]                                    1                      0
    301 squad[230,7]                                    1                      0
    336 squad[614,6]                                    1                      0
    337 squad[614,7]                                    1                      0
    368 squad[112,6]                                    1                      0
    369 squad[112,7]                                    1                      0
    422 squad[101,8]                                    1                      0
    423 squad[101,9]                                    1                      0
    468 squad[19,6]                                     1                      0
    469 squad[19,7]                                     1                      0
    876 squad[20,6]                                     1                      0
    877 squad[20,7]                                     1                      0
   1320 squad[538,6]                                    1                      0
   1321 squad[538,7]                                    1                      0
   1322 squad[538,8]                                    1                      0
   1323 squad[538,9]                                    1                      0
   2520 lineup[308,7]                                   1                 -6.314
   2521 lineup[308,8]                                   1                -4.8552
   2522 lineup[308,9]                                   1              -5.169487
   2523 lineup[355,7]                                   1                 -7.514
   2527 lineup[516,8]                                   1                -6.4056
   2528 lineup[516,9]                                   1              -4.596545
   2530 lineup[8,8]                                     1                -4.0477
   2531 lineup[8,9]                                     1               -3.52002
   2533 lineup[504,8]                                   1               -5.72305
   2534 lineup[504,9]                                   1              -4.186887
   2535 lineup[373,7]                                   1                 -5.064
   2536 lineup[373,8]                                   1                -4.2925
   2537 lineup[373,9]                                   1               -4.32344
   2541 lineup[108,7]                                   1                 -5.535
   2542 lineup[108,8]                                   1               -4.28655
   2543 lineup[108,9]                                   1               -4.88699
   2556 lineup[131,7]                                   1                 -4.422
   2560 lineup[36,8]                                    1               -3.99075
   2561 lineup[36,9]                                    1              -3.340117
   2565 lineup[143,7]                                   1                  -4.65
   2580 lineup[405,7]                                   1                 -5.838
   2593 lineup[275,8]                                   1                -4.3894
   2599 lineup[281,8]                                   1               -4.51605
   2614 lineup[511,8]                                   1                -4.7515
   2615 lineup[511,9]                                   1              -3.309772
   2616 lineup[326,7]                                   1                 -7.866
   2635 lineup[220,8]                                   1               -4.10805
   2654 lineup[119,9]                                   1              -3.616112
   2687 lineup[439,9]                                   1              -3.637065
   2772 lineup[614,7]                                   1                 -7.296
   2796 lineup[112,7]                                   1                 -3.803
   2837 lineup[101,9]                                   1              -3.176832
   2871 lineup[19,7]                                    1                 -4.333
   3602 captain[308,9]                                  1              -5.169487
   3607 captain[516,8]                                  1                -6.4056
   3696 captain[326,7]                                  1                 -7.866
   4683 vicecap[355,7]                                  1                -0.7514
   4693 vicecap[504,8]                                  1              -0.572305
   4703 vicecap[108,9]                                  1              -0.488699
   6056 bench[275,9,0]                                  1              -0.084511
   6081 bench[281,9,1]                                  1              -0.593245
   6134 bench[511,7,2]                                  1               -0.20772
   6226 bench[220,9,2]                                  1              -0.132651
   6293 bench[119,8,1]                                  1              -0.715428
   6426 bench[439,8,2]                                  1              -0.165087
   6660 bench[230,7,0]                                  1               -0.09456
   7024 bench[101,8,0]                                  1              -0.077826
   8389 bench[20,7,1]                                   1               -0.72996
   9723 bench[538,7,3]                                  1              -0.001197
   9727 bench[538,8,3]                                  1              -0.000413
   9731 bench[538,9,3]                                  1              -0.000642
  10087 transfer_in[516,8]                              1                0.72335
  10090 transfer_in[8,8]                                1              0.6211375
  10093 transfer_in[504,8]                              1              0.6211375
  10120 transfer_in[36,8]                               1                 0.3774
  10153 transfer_in[275,8]                              1              0.3695375
  10159 transfer_in[281,8]                              1              0.3538125
  10195 transfer_in[220,8]                              1              0.3695375
  10213 transfer_in[119,8]                              1                0.47175
  10246 transfer_in[439,8]                              1              0.3538125
  10396 transfer_in[101,8]                              1              0.3538125
  11161 tr_out_first[131,8]                             1             -0.4009875
  11164 tr_out_first[405,8]                             1              -0.361675
  11167 tr_out_first[20,8]                              1             -0.4009875
  11173 tr_out_first[19,8]                              1              -0.676175
  11176 tr_out_first[143,8]                             1             -0.5110625
  11179 tr_out_first[355,8]                             1               -1.10075
  11281 tr_out_reg[326,8]                               1                -0.4403
  11410 tr_out_reg[230,8]                               1             -0.3538125
  11437 tr_out_reg[614,8]                               1             -0.3538125
  11461 tr_out_reg[112,8]                               1             -0.3538125
  12264 itb[6]                                        0.4                      0
  12265 itb[7]                                        0.4                      0
  12266 itb[8]                                        4.7                      0
  12267 itb[9]                                        4.7                      0
  12270 ft[8]                                           1                 -1.275
  12271 ft[9]                                           1               -1.08375
  12279 use_wc[8]                                       1                      0
