Optimal (within gap tolerance) - objective value -281.51982800
      0 squad[318,21]                                    1                       0
      1 squad[318,22]                                    1                       0
      2 squad[318,23]                                    1                       0
      3 squad[318,24]                                    1                       0
      4 squad[318,25]                                    1                       0
      5 squad[318,26]                                    1                       0
      6 squad[13,21]                                     1                       0
      7 squad[13,22]                                     1                       0
      8 squad[13,23]                                     1                       0
      9 squad[13,24]                                     1                       0
     10 squad[13,25]                                     1                       0
     11 squad[13,26]                                     1                       0
     18 squad[335,21]                                    1                       0
     19 squad[335,22]                                    1                       0
     20 squad[335,23]                                    1                       0
     21 squad[335,24]                                    1                       0
     22 squad[335,25]                                    1                       0
     23 squad[335,26]                                    1                       0
     25 squad[333,22]                                    1                       0
     31 squad[7,22]                                      1                       0
     32 squad[7,23]                                      1                       0
     33 squad[7,24]                                      1                       0
     34 squad[7,25]                                      1                       0
     35 squad[7,26]                                      1                       0
     36 squad[301,21]                                    1                       0
     38 squad[301,23]                                    1                       0
     48 squad[332,21]                                    1                       0
     49 squad[332,22]                                    1                       0
     50 squad[332,23]                                    1                       0
     51 squad[332,24]                                    1                       0
     52 squad[332,25]                                    1                       0
     53 squad[332,26]                                    1                       0
     66 squad[307,21]                                    1                       0
     67 squad[307,22]                                    1                       0
     68 squad[307,23]                                    1                       0
     69 squad[307,24]                                    1                       0
     70 squad[307,25]                                    1                       0
     71 squad[307,26]                                    1                       0
     72 squad[16,21]                                     1                       0
     73 squad[16,22]                                     1                       0
     74 squad[16,23]                                     1                       0
     75 squad[16,24]                                     1                       0
     76 squad[16,25]                                     1                       0
     77 squad[16,26]                                     1                       0
     78 squad[133,21]                                    1                       0
    120 squad[357,21]                                    1                       0
    121 squad[357,22]                                    1                       0
    122 squad[357,23]                                    1                       0
    123 squad[357,24]                                    1                       0
    124 squad[357,25]                                    1                       0
    125 squad[357,26]                                    1                       0
    139 squad[284,22]                                    1                       0
    140 squad[284,23]                                    1                       0
    141 squad[284,24]                                    1                       0
    142 squad[284,25]                                    1                       0
    143 squad[284,26]                                    1                       0
    145 squad[124,22]                                    1                       0
    146 squad[124,23]                                    1                       0
    147 squad[124,24]                                    1                       0
    148 squad[124,25]                                    1                       0
    149 squad[124,26]                                    1                       0
    151 squad[238,22]                                    1                       0
    152 squad[238,23]                                    1                       0
    153 squad[238,24]                                    1                       0
    154 squad[238,25]                                    1                       0
    155 squad[238,26]                                    1                       0
    225 squad[107,24]                                    1                       0
    226 squad[107,25]                                    1                       0
    227 squad[107,26]                                    1                       0
    270 squad[210,21]                                    1                       0
    330 squad[358,21]                                    1                       0
    349 squad[619,22]                                    1                       0
    350 squad[619,23]                                    1                       0
    351 squad[619,24]                                    1                       0
    352 squad[619,25]                                    1                       0
    353 squad[619,26]                                    1                       0
    355 squad[461,22]                                    1                       0
    356 squad[461,23]                                    1                       0
    357 squad[461,24]                                    1                       0
    358 squad[461,25]                                    1                       0
    359 squad[461,26]                                    1                       0
    378 squad[160,21]                                    1                       0
    528 squad[346,21]                                    1                       0
    541 squad[596,22]                                    1                       0
    542 squad[596,23]                                    1                       0
    543 squad[596,24]                                    1                       0
    544 squad[596,25]                                    1                       0
    545 squad[596,26]                                    1                       0
    888 squad[345,21]                                    1                       0
   2022 squad[112,21]                                    1                       0
   5588 lineup[318,22]                                   1               -6.612255
   5589 lineup[318,23]                                   1              -10.086927
   5590 lineup[318,24]                                   1                -3.24778
   5591 lineup[318,25]                                   1               -4.669058
   5592 lineup[318,26]                                   1               -3.127111
   5593 lineup[13,22]                                    1               -6.048888
   5594 lineup[13,23]                                    1               -7.309521
   5595 lineup[13,24]                                    1               -3.316551
   5596 lineup[13,25]                                    1               -2.425458
   5597 lineup[13,26]                                    1               -2.282091
   5603 lineup[335,22]                                   1              -11.684222
   5604 lineup[335,23]                                   1               -4.246846
   5605 lineup[335,24]                                   1               -2.864767
   5606 lineup[335,25]                                   1               -2.055654
   5607 lineup[335,26]                                   1               -1.997583
   5608 lineup[333,22]                                   1               -9.929777
   5613 lineup[7,22]                                     1               -5.665864
   5614 lineup[7,23]                                     1               -6.917264
   5615 lineup[7,24]                                     1               -3.208535
   5616 lineup[7,25]                                     1               -2.244181
   5617 lineup[7,26]                                     1               -2.097802
   5619 lineup[301,23]                                   1                -8.26054
   5628 lineup[332,22]                                   1                -9.29745
   5629 lineup[332,23]                                   1               -3.146253
   5630 lineup[332,24]                                   1               -3.139069
   5631 lineup[332,25]                                   1               -2.562045
   5644 lineup[307,23]                                   1               -6.162261
   5645 lineup[307,24]                                   1                -2.94252
   5646 lineup[307,25]                                   1                -2.39985
   5647 lineup[307,26]                                   1               -1.812781
   5649 lineup[16,23]                                    1                -5.88419
   5650 lineup[16,24]                                    1               -2.927375
   5652 lineup[16,26]                                    1               -2.246708
   5688 lineup[357,22]                                   1               -5.510667
   5689 lineup[357,23]                                   1               -4.342529
   5690 lineup[357,24]                                   1                  -2.299
   5691 lineup[357,25]                                   1               -2.151727
   5692 lineup[357,26]                                   1               -1.267969
   5703 lineup[284,22]                                   1               -4.967548
   5704 lineup[284,23]                                   1               -4.264023
   5706 lineup[284,25]                                   1               -2.386922
   5707 lineup[284,26]                                   1               -1.693581
   5708 lineup[124,22]                                   1               -5.218907
   5709 lineup[124,23]                                   1               -3.926233
   5710 lineup[124,24]                                   1               -3.161894
   5711 lineup[124,25]                                   1               -1.961046
   5713 lineup[238,22]                                   1               -6.618238
   5775 lineup[107,24]                                   1                -3.08176
   5776 lineup[107,25]                                   1               -1.784115
   5777 lineup[107,26]                                   1               -1.989372
   5878 lineup[619,22]                                   1               -8.511738
   5886 lineup[461,25]                                   1               -3.026062
   5887 lineup[461,26]                                   1               -1.333034
   6040 lineup[596,24]                                   1               -4.854318
   6042 lineup[596,26]                                   1               -1.572938
   8129 captain[318,23]                                  1              -10.086927
   8131 captain[318,25]                                  1               -4.669058
   8132 captain[318,26]                                  1               -3.127111
   8143 captain[335,22]                                  1              -11.684222
   8580 captain[596,24]                                  1               -4.854318
  10675 vicecap[13,24]                                   1               -0.331655
  10677 vicecap[13,26]                                   1               -0.228209
  10688 vicecap[333,22]                                  1               -0.992978
  10699 vicecap[301,23]                                  1               -0.826054
  10966 vicecap[461,25]                                  1               -0.302606
  13386 bench[332,26,2]                                  1               -0.063087
  13428 bench[307,22,0]                                  1               -0.098823
  13449 bench[16,22,1]                                   1               -1.018883
  13461 bench[16,25,1]                                   1               -0.370349
  13677 bench[284,24,1]                                  1               -0.469892
  13705 bench[124,26,1]                                  1               -0.237927
  13712 bench[238,23,0]                                  1               -0.077233
  13716 bench[238,24,0]                                  1               -0.075997
  13720 bench[238,25,0]                                  1               -0.062977
  13724 bench[238,26,0]                                  1               -0.045059
  14375 bench[619,23,3]                                  1               -0.007287
  14379 bench[619,24,3]                                  1               -0.004381
  14382 bench[619,25,2]                                  1               -0.095136
  14387 bench[619,26,3]                                  1               -0.002777
  14391 bench[461,22,3]                                  1                -0.00822
  14393 bench[461,23,1]                                  1               -0.637595
  14398 bench[461,24,2]                                  1               -0.113304
  15010 bench[596,22,2]                                  1               -0.185733
  15014 bench[596,23,2]                                  1               -0.170389
  15023 bench[596,25,3]                                  1               -0.001834
  23388 transfer_in[333,22]                              1               6.9218622
  23393 transfer_in[7,22]                                1               4.8243282
  23399 transfer_in[301,23]                              1                6.239725
  23483 transfer_in[284,22]                              1               4.7544104
  23488 transfer_in[124,22]                              1               3.5658078
  23493 transfer_in[238,22]                              1                3.146301
  23555 transfer_in[107,24]                              1               1.7429256
  23658 transfer_in[619,22]                              1                 3.49589
  23663 transfer_in[461,22]                              1               3.0763832
  23818 transfer_in[596,22]                              1               3.2162188
  25908 tr_out_first[133,22]                             1               -3.146301
  25918 tr_out_first[358,22]                             1               -3.146301
  25938 tr_out_first[210,22]                             1              -4.8243282
  25964 tr_out_reg[333,23]                               1              -4.9418622
  25973 tr_out_reg[301,22]                               1               -8.739725
  25975 tr_out_reg[301,24]                               1               -4.189725
  26258 tr_out_reg[160,22]                               1              -5.1039994
  26383 tr_out_reg[346,22]                               1               -3.146301
  26683 tr_out_reg[345,22]                               1               -4.544657
  27628 tr_out_reg[112,22]                               1              -3.5658078
  28483 itb[21]                                        0.2                       0
  28484 itb[22]                                        4.8           5.5511151e-17
  28485 itb[23]                                        2.2                       0
  28486 itb[24]                                        9.5                       0
  28487 itb[25]                                        9.5                       0
  28488 itb[26]                                        9.5                       0
  28490 ft[22]                                           2                    -1.5
  28491 ft[23]                                           1                   -1.23
  28492 ft[24]                                           1                 -1.0086
  28493 ft[25]                                           1               -0.827052
  28494 ft[26]                                           2               -0.678183
  28504 aux[26]                                          1                       0
  28505 use_wc[22]                                       1                       0
