Optimal (within gap tolerance) - objective value -259.85562240
      0 squad[318,21]                                    1                       0
      1 squad[318,22]                                    1                       0
      2 squad[318,23]                                    1                       0
      3 squad[318,24]                                    1                       0
      4 squad[318,25]                                    1                       0
      5 squad[318,26]                                    1                       0
      9 squad[283,24]                                    1                       0
     10 squad[283,25]                                    1                       0
     11 squad[283,26]                                    1                       0
     12 squad[13,21]                                     1                       0
     13 squad[13,22]                                     1                       0
     14 squad[13,23]                                     1                       0
     15 squad[13,24]                                     1                       0
     16 squad[13,25]                                     1                       0
     17 squad[13,26]                                     1                       0
     20 squad[7,23]                                      1                       0
     21 squad[7,24]                                      1                       0
     22 squad[7,25]                                      1                       0
     23 squad[7,26]                                      1                       0
     30 squad[301,21]                                    1                       0
     44 squad[285,23]                                    1                       0
     45 squad[285,24]                                    1                       0
     46 squad[285,25]                                    1                       0
     47 squad[285,26]                                    1                       0
     54 squad[16,21]                                     1                       0
     55 squad[16,22]                                     1                       0
     56 squad[16,23]                                     1                       0
     57 squad[16,24]                                     1                       0
     58 squad[16,25]                                     1                       0
     59 squad[16,26]                                     1                       0
     60 squad[335,21]                                    1                       0
     61 squad[335,22]                                    1                       0
     62 squad[335,23]                                    1                       0
     63 squad[335,24]                                    1                       0
     64 squad[335,25]                                    1                       0
     65 squad[335,26]                                    1                       0
     78 squad[307,21]                                    1                       0
     79 squad[307,22]                                    1                       0
     80 squad[307,23]                                    1                       0
     81 squad[307,24]                                    1                       0
     82 squad[307,25]                                    1                       0
     83 squad[307,26]                                    1                       0
     90 squad[133,21]                                    1                       0
     91 squad[133,22]                                    1                       0
     92 squad[133,23]                                    1                       0
     93 squad[133,24]                                    1                       0
     94 squad[133,25]                                    1                       0
     95 squad[133,26]                                    1                       0
    126 squad[332,21]                                    1                       0
    127 squad[332,22]                                    1                       0
    128 squad[332,23]                                    1                       0
    150 squad[210,21]                                    1                       0
    151 squad[210,22]                                    1                       0
    152 squad[210,23]                                    1                       0
    153 squad[210,24]                                    1                       0
    154 squad[210,25]                                    1                       0
    155 squad[210,26]                                    1                       0
    234 squad[357,21]                                    1                       0
    235 squad[357,22]                                    1                       0
    236 squad[357,23]                                    1                       0
    237 squad[357,24]                                    1                       0
    238 squad[357,25]                                    1                       0
    239 squad[357,26]                                    1                       0
    301 squad[619,22]                                    1                       0
    302 squad[619,23]                                    1                       0
    303 squad[619,24]                                    1                       0
    304 squad[619,25]                                    1                       0
    305 squad[619,26]                                    1                       0
    313 squad[593,22]                                    1                       0
    314 squad[593,23]                                    1                       0
    355 squad[225,22]                                    1                       0
    441 squad[484,24]                                    1                       0
    442 squad[484,25]                                    1                       0
    443 squad[484,26]                                    1                       0
    450 squad[346,21]                                    1                       0
    451 squad[346,22]                                    1                       0
    452 squad[346,23]                                    1                       0
    453 squad[346,24]                                    1                       0
    454 squad[346,25]                                    1                       0
    455 squad[346,26]                                    1                       0
    504 squad[358,21]                                    1                       0
    505 squad[358,22]                                    1                       0
    506 squad[358,23]                                    1                       0
    507 squad[358,24]                                    1                       0
    508 squad[358,25]                                    1                       0
    509 squad[358,26]                                    1                       0
    750 squad[345,21]                                    1                       0
   1914 squad[112,21]                                    1                       0
   1915 squad[112,22]                                    1                       0
   2532 squad[160,21]                                    1                       0
   5533 lineup[318,22]                                   1               -6.689134
   5534 lineup[318,23]                                   1               -9.716073
   5535 lineup[318,24]                                   1               -4.103685
   5536 lineup[318,25]                                   1               -3.645301
   5537 lineup[318,26]                                   1               -2.746719
   5540 lineup[283,24]                                   1               -3.443238
   5541 lineup[283,25]                                   1                -2.76414
   5542 lineup[283,26]                                   1               -3.534492
   5543 lineup[13,22]                                    1               -5.308112
   5544 lineup[13,23]                                    1               -7.122859
   5545 lineup[13,24]                                    1               -3.099616
   5546 lineup[13,25]                                    1               -3.137815
   5547 lineup[13,26]                                    1               -2.114087
   5549 lineup[7,23]                                     1               -7.322009
   5550 lineup[7,24]                                     1               -3.018756
   5551 lineup[7,25]                                     1               -2.824604
   5552 lineup[7,26]                                     1                -2.78821
   5569 lineup[285,23]                                   1               -5.251517
   5571 lineup[285,25]                                   1                -3.03542
   5572 lineup[285,26]                                   1               -2.194168
   5578 lineup[16,22]                                    1               -3.975936
   5579 lineup[16,23]                                    1               -6.279742
   5580 lineup[16,24]                                    1                -2.29609
   5581 lineup[16,25]                                    1               -3.089823
   5582 lineup[16,26]                                    1               -2.211882
   5583 lineup[335,22]                                   1               -9.291412
   5584 lineup[335,23]                                   1               -4.557856
   5585 lineup[335,24]                                   1               -3.430351
   5587 lineup[335,26]                                   1               -1.812296
   5599 lineup[307,23]                                   1               -6.386393
   5601 lineup[307,25]                                   1               -2.320719
   5608 lineup[133,22]                                   1               -5.025636
   5610 lineup[133,24]                                   1               -3.565054
   5612 lineup[133,26]                                   1               -2.226332
   5638 lineup[332,22]                                   1              -10.641563
   5639 lineup[332,23]                                   1                -3.65203
   5660 lineup[210,24]                                   1                -2.49885
   5661 lineup[210,25]                                   1               -2.222412
   5662 lineup[210,26]                                   1               -1.506274
   5728 lineup[357,22]                                   1               -5.387601
   5729 lineup[357,23]                                   1               -4.142992
   5730 lineup[357,24]                                   1                -2.79611
   5732 lineup[357,26]                                   1               -1.498364
   5783 lineup[619,22]                                   1               -7.475221
   5786 lineup[619,25]                                   1               -1.219965
   5793 lineup[593,22]                                   1                 -7.6203
   5828 lineup[225,22]                                   1               -8.278381
   5900 lineup[484,24]                                   1               -2.468973
   5901 lineup[484,25]                                   1               -1.939245
   5902 lineup[484,26]                                   1               -1.863377
   5909 lineup[346,23]                                   1               -3.417987
   5911 lineup[346,25]                                   1               -1.945454
   5953 lineup[358,22]                                   1               -4.697058
   5954 lineup[358,23]                                   1               -3.584279
   5955 lineup[358,24]                                   1               -2.526139
   8049 captain[318,23]                                  1               -9.716073
   8050 captain[318,24]                                  1               -4.103685
   8051 captain[318,25]                                  1               -3.645301
   8057 captain[283,26]                                  1               -3.534492
   8153 captain[332,22]                                  1              -10.641563
  10576 vicecap[13,25]                                   1               -0.313782
  10579 vicecap[7,23]                                    1               -0.732201
  10582 vicecap[7,26]                                    1               -0.278821
  10613 vicecap[335,22]                                  1               -0.929141
  10640 vicecap[133,24]                                  1               -0.356505
  13227 bench[285,24,1]                                  1               -0.444662
  13293 bench[335,25,3]                                  1                       0
  13338 bench[307,22,0]                                  1               -0.104941
  13346 bench[307,24,0]                                  1               -0.087859
  13354 bench[307,26,0]                                  1               -0.051633
  13382 bench[133,23,0]                                  1               -0.107219
  13390 bench[133,25,0]                                  1               -0.067758
  13579 bench[210,22,1]                                  1                -0.82094
  13583 bench[210,23,1]                                  1                -0.58623
  13871 bench[357,25,1]                                  1               -0.057583
  14084 bench[619,23,2]                                  1               -0.159283
  14089 bench[619,24,3]                                  1               -0.003887
  14097 bench[619,26,3]                                  1               -0.002755
  14125 bench[593,23,3]                                  1               -0.007708
  14580 bench[346,22,2]                                  1               -0.182316
  14588 bench[346,24,2]                                  1               -0.094245
  14595 bench[346,26,1]                                  1               -0.212032
  14772 bench[358,25,2]                                  1               -0.012368
  14776 bench[358,26,2]                                  1               -0.059634
  19461 bench[112,22,3]                                  1               -0.005982
  23145 transfer_in[283,24]                              1               4.2902784
  23154 transfer_in[7,23]                                1               3.4443282
  23174 transfer_in[285,23]                              1               3.6439994
  23388 transfer_in[619,22]                              1                 3.49589
  23398 transfer_in[593,22]                              1               3.4259722
  23433 transfer_in[225,22]                              1               4.4747392
  23505 transfer_in[484,24]                              1               1.4412654
  25670 tr_out_first[332,24]                             1                -1.67589
  25688 tr_out_first[160,22]                             1              -5.1039994
  25718 tr_out_reg[301,22]                               1               -8.739725
  25955 tr_out_reg[593,24]                               1              -1.6423722
  25989 tr_out_reg[225,23]                               1              -3.1947392
  26318 tr_out_reg[345,22]                               1               -4.544657
  27289 tr_out_reg[112,23]                               1              -2.5458078
  28208 itb[21]                                        0.2           -1.110223e-16
  28209 itb[22]                                       10.2           5.5511151e-17
  28210 itb[23]                                        7.5                       0
  28211 itb[24]                                        0.3                       0
  28212 itb[25]                                        0.3                       0
  28213 itb[26]                                        0.3                       0
  28215 ft[22]                                           2                    -1.5
  28216 ft[23]                                           1                   -1.23
  28217 ft[24]                                           1                 -1.0086
  28218 ft[25]                                           1               -0.827052
  28219 ft[26]                                           2               -0.678183
  28220 pt[22]                                           1                       4
  28221 pt[23]                                           1                    3.28
  28222 pt[24]                                           1                  2.6896
  28229 aux[26]                                          1                       0
