Optimal (within gap tolerance) - objective value -135.43126800
      0 squad[308,5]                                    1                      0
      1 squad[308,6]                                    1                      0
      2 squad[308,7]                                    1                      0
      3 squad[355,5]                                    1                      0
      4 squad[355,6]                                    1                      0
      5 squad[355,7]                                    1                      0
      9 squad[19,5]                                     1                      0
     10 squad[19,6]                                     1                      0
     11 squad[19,7]                                     1                      0
     12 squad[108,5]                                    1                      0
     13 squad[108,6]                                    1                      0
     14 squad[108,7]                                    1                      0
     15 squad[373,5]                                    1                      0
     16 squad[373,6]                                    1                      0
     17 squad[373,7]                                    1                      0
     39 squad[131,5]                                    1                      0
     40 squad[131,6]                                    1                      0
     41 squad[131,7]                                    1                      0
     51 squad[143,5]                                    1                      0
     52 squad[143,6]                                    1                      0
     53 squad[143,7]                                    1                      0
     91 squad[430,6]                                    1                      0
     92 squad[430,7]                                    1                      0
     93 squad[511,5]                                    1                      0
    192 squad[20,5]                                     1                      0
    193 squad[20,6]                                     1                      0
    194 squad[20,7]                                     1                      0
    219 squad[112,5]                                    1                      0
    220 squad[112,6]                                    1                      0
    221 squad[112,7]                                    1                      0
    264 squad[230,5]                                    1                      0
    265 squad[230,6]                                    1                      0
    266 squad[230,7]                                    1                      0
    329 squad[614,7]                                    1                      0
    424 squad[315,6]                                    1                      0
    425 squad[315,7]                                    1                      0
    627 squad[195,5]                                    1                      0
    846 squad[82,5]                                     1                      0
    847 squad[82,6]                                     1                      0
    848 squad[82,7]                                     1                      0
    858 squad[148,5]                                    1                      0
    859 squad[148,6]                                    1                      0
   1038 squad[538,5]                                    1                      0
   1039 squad[538,6]                                    1                      0
   1040 squad[538,7]                                    1                      0
   1945 lineup[308,6]                                   1                 -6.941
   1946 lineup[308,7]                                   1               -5.66185
   1947 lineup[355,6]                                   1                 -7.476
   1948 lineup[355,7]                                   1                -6.4889
   1951 lineup[19,6]                                    1                 -6.005
   1952 lineup[19,7]                                    1                -5.5981
   1953 lineup[108,6]                                   1                 -5.801
   1954 lineup[108,7]                                   1                -5.0099
   1955 lineup[373,6]                                   1                 -5.809
   1956 lineup[373,7]                                   1                -4.2432
   1971 lineup[131,6]                                   1                 -5.594
   1972 lineup[131,7]                                   1               -3.53005
   1979 lineup[143,6]                                   1                 -5.109
   1980 lineup[143,7]                                   1               -3.70345
   2005 lineup[430,6]                                   1                 -4.708
   2006 lineup[430,7]                                   1                -4.8807
   2073 lineup[20,6]                                    1                 -3.966
   2091 lineup[112,6]                                   1                 -4.433
   2092 lineup[112,7]                                   1               -3.39575
   2121 lineup[230,6]                                   1                 -3.833
   2164 lineup[614,7]                                   1               -6.04605
   2228 lineup[315,7]                                   1               -6.06815
   2725 captain[355,6]                                  1                 -7.476
   2726 captain[355,7]                                  1                -6.4889
   3501 vicecap[308,6]                                  1                -0.6941
   3784 vicecap[315,7]                                  1              -0.606815
   4796 bench[20,7,1]                                   1                -0.6949
   4987 bench[230,7,0]                                  1              -0.077494
   5408 bench[315,6,1]                                  1               -0.67515
   6537 bench[82,6,2]                                   1               -0.04362
   6541 bench[82,7,2]                                   1              -0.039117
   6567 bench[148,6,0]                                  1               -0.02481
   7050 bench[538,6,3]                                  1              -0.000495
   7054 bench[538,7,3]                                  1              -0.001017
   7451 transfer_in[430,6]                              1                0.60125
   7610 transfer_in[614,7]                              1                0.19125
   7673 transfer_in[315,6]                              1                   0.37
   8171 tr_out_first[195,6]                             1               -0.52725
   8181 tr_out_first[511,6]                             1               -0.43475
   8756 tr_out_reg[148,7]                               1                 -0.187
   8961 itb[5]                                        0.5                      0
   8962 itb[6]                                        0.4                      0
   8963 itb[7]                                        0.3                      0
   8965 ft[6]                                           2                   -1.5
   8966 ft[7]                                           1                 -1.275
