Optimal (within gap tolerance) - objective value -267.98965927
      0 squad[318,21]                                    1                       0
      1 squad[318,22]                                    1                       0
      2 squad[318,23]                                    1                       0
      3 squad[318,24]                                    1                       0
      4 squad[318,25]                                    1                       0
      5 squad[318,26]                                    1                       0
      6 squad[13,21]                                     1                       0
      7 squad[13,22]                                     1                       0
      8 squad[13,23]                                     1                       0
      9 squad[13,24]                                     1                       0
     10 squad[13,25]                                     1                       0
     11 squad[13,26]                                     1                       0
     18 squad[335,21]                                    1                       0
     19 squad[335,22]                                    1                       0
     20 squad[335,23]                                    1                       0
     21 squad[335,24]                                    1                       0
     22 squad[335,25]                                    1                       0
     23 squad[335,26]                                    1                       0
     32 squad[7,23]                                      1                       0
     33 squad[7,24]                                      1                       0
     34 squad[7,25]                                      1                       0
     35 squad[7,26]                                      1                       0
     36 squad[301,21]                                    1                       0
     37 squad[301,22]                                    1                       0
     38 squad[301,23]                                    1                       0
     45 squad[427,24]                                    1                       0
     46 squad[427,25]                                    1                       0
     47 squad[427,26]                                    1                       0
     48 squad[332,21]                                    1                       0
     49 squad[332,22]                                    1                       0
     50 squad[332,23]                                    1                       0
     51 squad[332,24]                                    1                       0
     52 squad[332,25]                                    1                       0
     53 squad[332,26]                                    1                       0
     66 squad[307,21]                                    1                       0
     67 squad[307,22]                                    1                       0
     68 squad[307,23]                                    1                       0
     69 squad[307,24]                                    1                       0
     70 squad[307,25]                                    1                       0
     71 squad[307,26]                                    1                       0
     72 squad[16,21]                                     1                       0
     73 squad[16,22]                                     1                       0
     74 squad[16,23]                                     1                       0
     75 squad[16,24]                                     1                       0
     76 squad[16,25]                                     1                       0
     77 squad[16,26]                                     1                       0
     78 squad[133,21]                                    1                       0
     79 squad[133,22]                                    1                       0
     80 squad[133,23]                                    1                       0
     81 squad[133,24]                                    1                       0
     82 squad[133,25]                                    1                       0
     83 squad[133,26]                                    1                       0
    120 squad[357,21]                                    1                       0
    121 squad[357,22]                                    1                       0
    122 squad[357,23]                                    1                       0
    123 squad[357,24]                                    1                       0
    124 squad[357,25]                                    1                       0
    125 squad[357,26]                                    1                       0
    129 squad[407,24]                                    1                       0
    130 squad[407,25]                                    1                       0
    131 squad[407,26]                                    1                       0
    157 squad[593,22]                                    1                       0
    270 squad[210,21]                                    1                       0
    271 squad[210,22]                                    1                       0
    272 squad[210,23]                                    1                       0
    273 squad[210,24]                                    1                       0
    274 squad[210,25]                                    1                       0
    275 squad[210,26]                                    1                       0
    330 squad[358,21]                                    1                       0
    331 squad[358,22]                                    1                       0
    332 squad[358,23]                                    1                       0
    333 squad[358,24]                                    1                       0
    334 squad[358,25]                                    1                       0
    335 squad[358,26]                                    1                       0
    349 squad[619,22]                                    1                       0
    350 squad[619,23]                                    1                       0
    378 squad[160,21]                                    1                       0
    477 squad[85,24]                                     1                       0
    478 squad[85,25]                                     1                       0
    479 squad[85,26]                                     1                       0
    528 squad[346,21]                                    1                       0
    529 squad[346,22]                                    1                       0
    530 squad[346,23]                                    1                       0
    531 squad[346,24]                                    1                       0
    532 squad[346,25]                                    1                       0
    533 squad[346,26]                                    1                       0
    888 squad[345,21]                                    1                       0
   2022 squad[112,21]                                    1                       0
   2023 squad[112,22]                                    1                       0
   2024 squad[112,23]                                    1                       0
   5588 lineup[318,22]                                   1               -6.679126
   5589 lineup[318,23]                                   1               -11.54023
   5590 lineup[318,24]                                   1               -4.304122
   5591 lineup[318,25]                                   1               -3.629218
   5592 lineup[318,26]                                   1               -4.679596
   5593 lineup[13,22]                                    1               -5.450238
   5594 lineup[13,23]                                    1               -7.645711
   5596 lineup[13,25]                                    1               -2.665743
   5597 lineup[13,26]                                    1               -1.622516
   5603 lineup[335,22]                                   1               -11.29789
   5604 lineup[335,23]                                   1               -4.190526
   5605 lineup[335,24]                                   1               -3.574349
   5606 lineup[335,25]                                   1               -2.413306
   5607 lineup[335,26]                                   1               -1.895973
   5614 lineup[7,23]                                     1               -7.120498
   5615 lineup[7,24]                                     1               -3.447722
   5616 lineup[7,25]                                     1               -2.245443
   5617 lineup[7,26]                                     1               -2.367078
   5618 lineup[301,22]                                   1               -4.591149
   5619 lineup[301,23]                                   1                -7.01803
   5625 lineup[427,24]                                   1               -3.965546
   5626 lineup[427,25]                                   1               -2.994584
   5627 lineup[427,26]                                   1               -2.618109
   5628 lineup[332,22]                                   1               -9.961604
   5629 lineup[332,23]                                   1                -3.70904
   5630 lineup[332,24]                                   1               -2.855234
   5631 lineup[332,25]                                   1               -2.205554
   5644 lineup[307,23]                                   1               -5.788566
   5646 lineup[307,25]                                   1               -2.380867
   5648 lineup[16,22]                                    1               -4.134351
   5649 lineup[16,23]                                    1               -5.563547
   5650 lineup[16,24]                                    1               -2.795944
   5651 lineup[16,25]                                    1               -2.136595
   5652 lineup[16,26]                                    1               -2.238593
   5653 lineup[133,22]                                   1               -4.911645
   5655 lineup[133,24]                                   1               -3.323097
   5657 lineup[133,26]                                   1               -2.279463
   5688 lineup[357,22]                                   1               -5.393255
   5689 lineup[357,23]                                   1               -3.683215
   5690 lineup[357,24]                                   1                -2.57285
   5691 lineup[357,25]                                   1               -2.135944
   5692 lineup[357,26]                                   1                -1.35884
   5695 lineup[407,24]                                   1               -2.669725
   5696 lineup[407,25]                                   1                -2.24343
   5697 lineup[407,26]                                   1               -2.161745
   5718 lineup[593,22]                                   1                -7.70119
   5814 lineup[210,23]                                   1               -3.845421
   5815 lineup[210,24]                                   1               -2.870826
   5816 lineup[210,25]                                   1               -2.398409
   5817 lineup[210,26]                                   1               -1.723895
   5863 lineup[358,22]                                   1               -4.393508
   5864 lineup[358,23]                                   1               -3.237353
   5878 lineup[619,22]                                   1               -6.631931
   5985 lineup[85,24]                                    1               -3.199266
   5987 lineup[85,26]                                    1               -1.930044
   8129 captain[318,23]                                  1               -11.54023
   8130 captain[318,24]                                  1               -4.304122
   8131 captain[318,25]                                  1               -3.629218
   8132 captain[318,26]                                  1               -4.679596
   8143 captain[335,22]                                  1               -11.29789
  10674 vicecap[13,23]                                   1              -0.7645711
  10705 vicecap[427,24]                                  1              -0.3965546
  10706 vicecap[427,25]                                  1              -0.2994584
  10707 vicecap[427,26]                                  1              -0.2618109
  10708 vicecap[332,22]                                  1              -0.9961604
  13237 bench[13,24,1]                                   1              -0.4997537
  13385 bench[332,26,1]                                  1              -0.2644457
  13428 bench[307,22,0]                                  1              -0.1036845
  13436 bench[307,24,0]                                  1             -0.08972761
  13444 bench[307,26,0]                                  1             -0.05188631
  13472 bench[133,23,0]                                  1              -0.1057299
  13480 bench[133,25,0]                                  1             -0.06471749
  14110 bench[210,22,2]                                  1              -0.1013074
  14319 bench[358,24,3]                                  1            -0.006295322
  14322 bench[358,25,2]                                  1             -0.09267875
  14327 bench[358,26,3]                                  1            -0.003177355
  14374 bench[619,23,2]                                  1              -0.1630958
  14803 bench[85,25,3]                                   1            -0.002826981
  14969 bench[346,22,1]                                  1              -0.6938425
  14973 bench[346,23,1]                                  1              -0.6165414
  14978 bench[346,24,2]                                  1              -0.1313777
  14981 bench[346,25,1]                                  1              -0.3860344
  14986 bench[346,26,2]                                  1             -0.06798735
  19951 bench[112,22,3]                                  1            -0.003916805
  19955 bench[112,23,3]                                  1            -0.001244411
  23394 transfer_in[7,23]                                1               3.4443279
  23405 transfer_in[427,24]                              1                3.921582
  23475 transfer_in[407,24]                              1               2.0781033
  23498 transfer_in[593,22]                              1                3.425972
  23658 transfer_in[619,22]                              1               3.4958898
  23765 transfer_in[85,24]                               1               1.5083008
  25975 tr_out_reg[301,24]                               1              -4.1897244
  26074 tr_out_reg[593,23]                               1               -2.445972
  26235 tr_out_reg[619,24]                               1              -1.6758898
  26258 tr_out_reg[160,22]                               1               -5.103999
  26683 tr_out_reg[345,22]                               1              -4.5446567
  27630 tr_out_reg[112,24]                               1              -1.7094075
  28483 itb[21]                                        0.2                       0
  28484 itb[22]                                        4.1           5.5511151e-17
  28485 itb[23]                                        2.1                       0
  28486 itb[24]                                        2.3           2.7755576e-17
  28487 itb[25]                                        2.3           1.3877788e-17
  28488 itb[26]                                        2.3                       0
  28490 ft[22]                                           2                    -1.5
  28491 ft[23]                                           1                   -1.23
  28492 ft[24]                                           1                 -1.0086
  28493 ft[25]                                           1               -0.827052
  28494 ft[26]                                           2              -0.6781826
  28497 pt[24]                                           2                  2.6896
  28504 aux[26]                                          1                       0
