Optimal (within gap tolerance) - objective value -312.97557600
      1 squad[308,1]                                    1                       0
      2 squad[308,2]                                    1                       0
      3 squad[308,3]                                    1                       0
      4 squad[308,4]                                    1                       0
      5 squad[308,5]                                    1                       0
      6 squad[308,6]                                    1                       0
      7 squad[308,7]                                    1                       0
      8 squad[308,8]                                    1                       0
     10 squad[355,1]                                    1                       0
     11 squad[355,2]                                    1                       0
     12 squad[355,3]                                    1                       0
     13 squad[355,4]                                    1                       0
     14 squad[355,5]                                    1                       0
     15 squad[355,6]                                    1                       0
     16 squad[355,7]                                    1                       0
     17 squad[355,8]                                    1                       0
     37 squad[373,1]                                    1                       0
     38 squad[373,2]                                    1                       0
     39 squad[373,3]                                    1                       0
     40 squad[373,4]                                    1                       0
     41 squad[373,5]                                    1                       0
     42 squad[373,6]                                    1                       0
     43 squad[373,7]                                    1                       0
     44 squad[373,8]                                    1                       0
     55 squad[353,1]                                    1                       0
     56 squad[353,2]                                    1                       0
     57 squad[353,3]                                    1                       0
     58 squad[353,4]                                    1                       0
     59 squad[353,5]                                    1                       0
     60 squad[353,6]                                    1                       0
     61 squad[353,7]                                    1                       0
     62 squad[353,8]                                    1                       0
    109 squad[430,1]                                    1                       0
    110 squad[430,2]                                    1                       0
    111 squad[430,3]                                    1                       0
    112 squad[430,4]                                    1                       0
    113 squad[430,5]                                    1                       0
    114 squad[430,6]                                    1                       0
    115 squad[430,7]                                    1                       0
    116 squad[430,8]                                    1                       0
    118 squad[108,1]                                    1                       0
    119 squad[108,2]                                    1                       0
    120 squad[108,3]                                    1                       0
    121 squad[108,4]                                    1                       0
    122 squad[108,5]                                    1                       0
    123 squad[108,6]                                    1                       0
    124 squad[108,7]                                    1                       0
    125 squad[108,8]                                    1                       0
    127 squad[143,1]                                    1                       0
    128 squad[143,2]                                    1                       0
    129 squad[143,3]                                    1                       0
    130 squad[143,4]                                    1                       0
    131 squad[143,5]                                    1                       0
    132 squad[143,6]                                    1                       0
    133 squad[143,7]                                    1                       0
    134 squad[143,8]                                    1                       0
    226 squad[195,1]                                    1                       0
    227 squad[195,2]                                    1                       0
    228 squad[195,3]                                    1                       0
    229 squad[195,4]                                    1                       0
    230 squad[195,5]                                    1                       0
    231 squad[195,6]                                    1                       0
    232 squad[195,7]                                    1                       0
    233 squad[195,8]                                    1                       0
    253 squad[17,1]                                     1                       0
    254 squad[17,2]                                     1                       0
    255 squad[17,3]                                     1                       0
    256 squad[17,4]                                     1                       0
    257 squad[17,5]                                     1                       0
    258 squad[17,6]                                     1                       0
    259 squad[17,7]                                     1                       0
    260 squad[17,8]                                     1                       0
    271 squad[131,1]                                    1                       0
    272 squad[131,2]                                    1                       0
    273 squad[131,3]                                    1                       0
    274 squad[131,4]                                    1                       0
    275 squad[131,5]                                    1                       0
    276 squad[131,6]                                    1                       0
    277 squad[131,7]                                    1                       0
    278 squad[131,8]                                    1                       0
    289 squad[5,1]                                      1                       0
    290 squad[5,2]                                      1                       0
    291 squad[5,3]                                      1                       0
    292 squad[5,4]                                      1                       0
    293 squad[5,5]                                      1                       0
    294 squad[5,6]                                      1                       0
    295 squad[5,7]                                      1                       0
    296 squad[5,8]                                      1                       0
    334 squad[230,1]                                    1                       0
    335 squad[230,2]                                    1                       0
    336 squad[230,3]                                    1                       0
    337 squad[230,4]                                    1                       0
    338 squad[230,5]                                    1                       0
    339 squad[230,6]                                    1                       0
    340 squad[230,7]                                    1                       0
    341 squad[230,8]                                    1                       0
   1693 squad[474,1]                                    1                       0
   1694 squad[474,2]                                    1                       0
   1695 squad[474,3]                                    1                       0
   1696 squad[474,4]                                    1                       0
   1697 squad[474,5]                                    1                       0
   1698 squad[474,6]                                    1                       0
   1699 squad[474,7]                                    1                       0
   1700 squad[474,8]                                    1                       0
   2485 squad[538,1]                                    1                       0
   2486 squad[538,2]                                    1                       0
   2487 squad[538,3]                                    1                       0
   2488 squad[538,4]                                    1                       0
   2489 squad[538,5]                                    1                       0
   2490 squad[538,6]                                    1                       0
   2491 squad[538,7]                                    1                       0
   2492 squad[538,8]                                    1                       0
   3259 squad[127,1]                                    1                       0
   3260 squad[127,2]                                    1                       0
   3261 squad[127,3]                                    1                       0
   3262 squad[127,4]                                    1                       0
   3263 squad[127,5]                                    1                       0
   3264 squad[127,6]                                    1                       0
   3265 squad[127,7]                                    1                       0
   3266 squad[127,8]                                    1                       0
   6341 lineup[308,1]                                   1                  -6.446
   6342 lineup[308,2]                                   1                -6.20755
   6343 lineup[308,3]                                   1                -3.88994
   6344 lineup[308,4]                                   1               -4.003481
   6345 lineup[308,5]                                   1               -3.706244
   6346 lineup[308,6]                                   1               -3.172493
   6347 lineup[308,7]                                   1               -2.480512
   6348 lineup[308,8]                                   1               -1.786897
   6349 lineup[355,1]                                   1                  -6.912
   6350 lineup[355,2]                                   1                  -4.267
   6351 lineup[355,3]                                   1               -5.553135
   6352 lineup[355,4]                                   1               -3.951894
   6353 lineup[355,5]                                   1               -3.249489
   6354 lineup[355,6]                                   1               -3.121467
   6355 lineup[355,7]                                   1               -2.550662
   6356 lineup[355,8]                                   1               -1.552234
   6373 lineup[373,1]                                   1                  -6.053
   6374 lineup[373,2]                                   1                 -4.5662
   6375 lineup[373,3]                                   1                -4.48528
   6376 lineup[373,4]                                   1               -2.921393
   6377 lineup[373,5]                                   1                -2.65388
   6378 lineup[373,6]                                   1               -2.670219
   6379 lineup[373,7]                                   1               -2.130895
   6380 lineup[373,8]                                   1               -1.756121
   6389 lineup[353,1]                                   1                  -5.476
   6390 lineup[353,2]                                   1                 -3.9134
   6391 lineup[353,3]                                   1               -4.536577
   6392 lineup[353,4]                                   1               -3.335313
   6393 lineup[353,5]                                   1               -2.741055
   6394 lineup[353,6]                                   1                -2.50871
   6395 lineup[353,7]                                   1               -2.052825
   6396 lineup[353,8]                                   1               -1.448047
   6437 lineup[430,1]                                   1                  -4.899
   6440 lineup[430,4]                                   1               -2.537564
   6441 lineup[430,5]                                   1               -2.753583
   6442 lineup[430,6]                                   1               -2.581034
   6443 lineup[430,7]                                   1               -2.461655
   6444 lineup[430,8]                                   1               -1.638149
   6445 lineup[108,1]                                   1                  -5.134
   6446 lineup[108,2]                                   1                -4.16755
   6447 lineup[108,3]                                   1               -3.666687
   6448 lineup[108,4]                                   1               -3.315661
   6449 lineup[108,5]                                   1               -2.163194
   6450 lineup[108,6]                                   1               -2.327678
   6451 lineup[108,7]                                   1               -1.964195
   6452 lineup[108,8]                                   1               -1.426889
   6453 lineup[143,1]                                   1                  -5.533
   6454 lineup[143,2]                                   1                -4.47865
   6455 lineup[143,3]                                   1               -3.741105
   6456 lineup[143,4]                                   1               -2.674514
   6457 lineup[143,5]                                   1               -2.405927
   6458 lineup[143,6]                                   1               -2.404439
   6459 lineup[143,7]                                   1               -1.793346
   6460 lineup[143,8]                                   1               -1.415027
   6542 lineup[195,2]                                   1                -3.34475
   6543 lineup[195,3]                                   1               -3.793848
   6544 lineup[195,4]                                   1               -3.097032
   6545 lineup[195,5]                                   1               -2.233143
   6547 lineup[195,7]                                   1               -1.519535
   6548 lineup[195,8]                                   1               -1.407333
   6565 lineup[17,1]                                    1                  -5.246
   6566 lineup[17,2]                                    1                -3.26995
   6567 lineup[17,3]                                    1                 -3.4102
   6568 lineup[17,4]                                    1               -2.412283
   6569 lineup[17,5]                                    1               -2.140226
   6570 lineup[17,6]                                    1               -2.003773
   6571 lineup[17,7]                                    1                -1.59308
   6581 lineup[131,1]                                   1                  -5.615
   6582 lineup[131,2]                                   1                -3.79015
   6583 lineup[131,3]                                   1               -3.272925
   6586 lineup[131,6]                                   1               -2.297062
   6588 lineup[131,8]                                   1               -1.072651
   6597 lineup[5,1]                                     1                  -5.338
   6598 lineup[5,2]                                     1                 -3.1569
   6599 lineup[5,3]                                     1               -3.350955
   6600 lineup[5,4]                                     1               -2.331218
   6601 lineup[5,5]                                     1               -2.107861
   6602 lineup[5,6]                                     1               -1.993568
   6603 lineup[5,7]                                     1               -1.587045
   6644 lineup[230,8]                                   1               -1.522741
   7845 lineup[474,1]                                   1                   -2.63
   7847 lineup[474,3]                                   1               -1.091697
   7850 lineup[474,6]                                   1               -0.817749
   7851 lineup[474,7]                                   1               -0.880267
   9238 lineup[127,2]                                   1                -0.22525
   9240 lineup[127,4]                                   1               -0.116684
   9241 lineup[127,5]                                   1               -0.098137
   9244 lineup[127,8]                                   1               -0.062192
   9326 captain[308,2]                                  1                -6.20755
   9328 captain[308,4]                                  1               -4.003481
   9329 captain[308,5]                                  1               -3.706244
   9330 captain[308,6]                                  1               -3.172493
   9332 captain[308,8]                                  1               -1.786897
   9333 captain[355,1]                                  1                  -6.912
   9335 captain[355,3]                                  1               -5.553135
   9339 captain[355,7]                                  1               -2.550662
  12309 vicecap[308,1]                                  1                 -0.6446
  12315 vicecap[308,7]                                  1               -0.248051
  12320 vicecap[355,4]                                  1               -0.395189
  12321 vicecap[355,5]                                  1               -0.324949
  12322 vicecap[355,6]                                  1               -0.312147
  12342 vicecap[373,2]                                  1                -0.45662
  12348 vicecap[373,8]                                  1               -0.175612
  12359 vicecap[353,3]                                  1               -0.453658
  15682 bench[430,2,1]                                  1                -0.60333
  15686 bench[430,3,1]                                  1               -0.673962
  16095 bench[195,1,2]                                  1                -0.19728
  16114 bench[195,6,1]                                  1               -0.348486
  16217 bench[17,8,0]                                   1               -0.028987
  16267 bench[131,4,2]                                  1               -0.122592
  16270 bench[131,5,1]                                  1               -0.359668
  16279 bench[131,7,2]                                  1               -0.076441
  16346 bench[5,8,1]                                    1               -0.173823
  16477 bench[230,1,0]                                  1                -0.12978
  16481 bench[230,2,0]                                  1               -0.086751
  16485 bench[230,3,0]                                  1               -0.078442
  16489 bench[230,4,0]                                  1               -0.084841
  16493 bench[230,5,0]                                  1               -0.055547
  16497 bench[230,6,0]                                  1               -0.058769
  16501 bench[230,7,0]                                  1               -0.038481
  21315 bench[474,2,2]                                  1               -0.138159
  21322 bench[474,4,1]                                  1               -0.382772
  21327 bench[474,5,2]                                  1               -0.072006
  21339 bench[474,8,2]                                  1               -0.046817
  24128 bench[538,1,3]                                  1               -0.002763
  24132 bench[538,2,3]                                  1               -0.002282
  24136 bench[538,3,3]                                  1               -0.001821
  24140 bench[538,4,3]                                  1               -0.002008
  24144 bench[538,5,3]                                  1               -0.001336
  24148 bench[538,6,3]                                  1               -0.001129
  24152 bench[538,7,3]                                  1               -0.001228
  24156 bench[538,8,3]                                  1               -0.000815
  26878 bench[127,1,1]                                  1                -0.08127
  26887 bench[127,3,2]                                  1               -0.010101
  26899 bench[127,6,2]                                  1               -0.006895
  26902 bench[127,7,1]                                  1               -0.016553
  27229 transfer_in[308,1]                              1                3.031275
  27237 transfer_in[355,1]                              1                3.395028
  27261 transfer_in[373,1]                              1                2.061267
  27277 transfer_in[353,1]                              1                1.818765
  27325 transfer_in[430,1]                              1                1.576263
  27333 transfer_in[108,1]                              1                1.576263
  27341 transfer_in[143,1]                              1                1.576263
  27429 transfer_in[195,1]                              1                1.333761
  27453 transfer_in[17,1]                               1                 1.21251
  27469 transfer_in[131,1]                              1                 1.21251
  27485 transfer_in[5,1]                                1                 1.21251
  27525 transfer_in[230,1]                              1                1.091259
  28733 transfer_in[474,1]                              1                0.970008
  29437 transfer_in[538,1]                              1                1.091259
  30125 transfer_in[127,1]                              1                1.091259
  33197 itb[0]                                        100                       0
  33207 ft[1]                                           1                    -1.5
  33208 ft[2]                                           1                  -1.275
  33209 ft[3]                                           2                -1.08375
  33210 ft[4]                                           2               -0.921187
  33211 ft[5]                                           2               -0.783009
  33212 ft[6]                                           2               -0.665558
  33213 ft[7]                                           2               -0.565724
  33214 ft[8]                                           2               -0.480866
  33225 aux[3]                                          1                       0
  33226 aux[4]                                          1                       0
  33227 aux[5]                                          1                       0
  33228 aux[6]                                          1                       0
  33229 aux[7]                                          1                       0
  33230 aux[8]                                          1                       0
