Optimal (within gap tolerance) - objective value -239.38570900
      0 squad[308,3]                                    1                      0
      1 squad[308,4]                                    1                      0
      2 squad[308,5]                                    1                      0
      3 squad[308,6]                                    1                      0
      4 squad[308,7]                                    1                      0
      5 squad[308,8]                                    1                      0
      6 squad[355,3]                                    1                      0
      7 squad[355,4]                                    1                      0
     18 squad[373,3]                                    1                      0
     19 squad[373,4]                                    1                      0
     20 squad[373,5]                                    1                      0
     21 squad[373,6]                                    1                      0
     22 squad[373,7]                                    1                      0
     23 squad[373,8]                                    1                      0
     26 squad[430,5]                                    1                      0
     27 squad[430,6]                                    1                      0
     28 squad[430,7]                                    1                      0
     29 squad[430,8]                                    1                      0
     30 squad[19,3]                                     1                      0
     31 squad[19,4]                                     1                      0
     32 squad[19,5]                                     1                      0
     33 squad[19,6]                                     1                      0
     34 squad[19,7]                                     1                      0
     35 squad[19,8]                                     1                      0
     66 squad[108,3]                                    1                      0
     67 squad[108,4]                                    1                      0
     68 squad[108,5]                                    1                      0
     69 squad[108,6]                                    1                      0
     70 squad[108,7]                                    1                      0
     71 squad[108,8]                                    1                      0
     92 squad[415,5]                                    1                      0
     93 squad[415,6]                                    1                      0
     94 squad[415,7]                                    1                      0
     95 squad[415,8]                                    1                      0
    102 squad[143,3]                                    1                      0
    103 squad[143,4]                                    1                      0
    104 squad[143,5]                                    1                      0
    105 squad[143,6]                                    1                      0
    106 squad[143,7]                                    1                      0
    107 squad[143,8]                                    1                      0
    192 squad[230,3]                                    1                      0
    193 squad[230,4]                                    1                      0
    194 squad[230,5]                                    1                      0
    195 squad[230,6]                                    1                      0
    196 squad[230,7]                                    1                      0
    197 squad[230,8]                                    1                      0
    204 squad[195,3]                                    1                      0
    205 squad[195,4]                                    1                      0
    206 squad[195,5]                                    1                      0
    207 squad[195,6]                                    1                      0
    208 squad[195,7]                                    1                      0
    209 squad[195,8]                                    1                      0
    234 squad[197,3]                                    1                      0
    235 squad[197,4]                                    1                      0
    236 squad[197,5]                                    1                      0
    237 squad[197,6]                                    1                      0
    238 squad[197,7]                                    1                      0
    239 squad[197,8]                                    1                      0
    258 squad[131,3]                                    1                      0
    259 squad[131,4]                                    1                      0
    260 squad[131,5]                                    1                      0
    261 squad[131,6]                                    1                      0
    262 squad[131,7]                                    1                      0
    263 squad[131,8]                                    1                      0
    306 squad[112,3]                                    1                      0
    307 squad[112,4]                                    1                      0
    342 squad[20,3]                                     1                      0
    343 squad[20,4]                                     1                      0
    344 squad[20,5]                                     1                      0
    345 squad[20,6]                                     1                      0
    346 squad[20,7]                                     1                      0
    347 squad[20,8]                                     1                      0
   1416 squad[82,3]                                     1                      0
   1417 squad[82,4]                                     1                      0
   1418 squad[82,5]                                     1                      0
   1419 squad[82,6]                                     1                      0
   1420 squad[82,7]                                     1                      0
   1421 squad[82,8]                                     1                      0
   1596 squad[148,3]                                    1                      0
   1597 squad[148,4]                                    1                      0
   1598 squad[148,5]                                    1                      0
   1599 squad[148,6]                                    1                      0
   1600 squad[148,7]                                    1                      0
   1601 squad[148,8]                                    1                      0
   2190 squad[538,3]                                    1                      0
   2191 squad[538,4]                                    1                      0
   2192 squad[538,5]                                    1                      0
   2193 squad[538,6]                                    1                      0
   2194 squad[538,7]                                    1                      0
   2195 squad[538,8]                                    1                      0
   4147 lineup[308,4]                                   1                 -6.571
   4148 lineup[308,5]                                   1               -5.91175
   4149 lineup[308,6]                                   1              -5.101572
   4150 lineup[308,7]                                   1              -3.918117
   4151 lineup[308,8]                                   1              -2.906531
   4152 lineup[355,4]                                   1                 -6.464
   4162 lineup[373,4]                                   1                 -4.759
   4163 lineup[373,5]                                   1               -4.31545
   4164 lineup[373,6]                                   1              -4.342947
   4165 lineup[373,7]                                   1              -3.402867
   4166 lineup[373,8]                                   1              -2.849632
   4168 lineup[430,5]                                   1                -4.3707
   4169 lineup[430,6]                                   1              -4.233127
   4170 lineup[430,7]                                   1              -4.153941
   4171 lineup[430,8]                                   1              -2.684678
   4172 lineup[19,4]                                    1                 -5.219
   4173 lineup[19,5]                                    1                -4.7022
   4174 lineup[19,6]                                    1               -4.02288
   4175 lineup[19,7]                                    1              -3.460594
   4176 lineup[19,8]                                    1              -2.317708
   4202 lineup[108,4]                                   1                 -5.428
   4203 lineup[108,5]                                   1                -3.5326
   4204 lineup[108,6]                                   1              -3.853815
   4205 lineup[108,7]                                   1              -3.219243
   4206 lineup[108,8]                                   1              -2.334412
   4223 lineup[415,5]                                   1                -3.9457
   4224 lineup[415,6]                                   1               -4.05756
   4225 lineup[415,7]                                   1              -3.073696
   4226 lineup[415,8]                                   1              -2.421065
   4232 lineup[143,4]                                   1                  -4.25
   4233 lineup[143,5]                                   1               -3.83265
   4234 lineup[143,6]                                   1              -3.832862
   4235 lineup[143,7]                                   1              -2.866121
   4236 lineup[143,8]                                   1              -2.248803
   4307 lineup[230,4]                                   1                 -4.656
   4308 lineup[230,5]                                   1               -3.10165
   4309 lineup[230,6]                                   1              -3.282317
   4310 lineup[230,7]                                   1              -2.131628
   4311 lineup[230,8]                                   1              -2.440379
   4317 lineup[195,4]                                   1                 -4.885
   4318 lineup[195,5]                                   1               -3.63035
   4319 lineup[195,6]                                   1              -2.770787
   4320 lineup[195,7]                                   1              -2.489049
   4321 lineup[195,8]                                   1              -2.316142
   4342 lineup[197,4]                                   1                 -4.756
   4343 lineup[197,5]                                   1               -3.49945
   4345 lineup[197,7]                                   1              -2.398772
   4346 lineup[197,8]                                   1              -2.251413
   4364 lineup[131,6]                                   1              -3.815522
   4402 lineup[112,4]                                   1                 -4.494
   4432 lineup[20,4]                                    1                 -3.551
   4433 lineup[20,5]                                    1               -3.30395
   4434 lineup[20,6]                                    1              -2.992595
   4435 lineup[20,7]                                    1              -2.466326
   5976 lineup[538,8]                                   1              -0.085087
   6032 captain[308,4]                                  1                 -6.571
   6033 captain[308,5]                                  1               -5.91175
   6034 captain[308,6]                                  1              -5.101572
   6036 captain[308,8]                                  1              -2.906531
   6055 captain[430,7]                                  1              -4.153941
   7920 vicecap[308,7]                                  1              -0.391812
   7922 vicecap[355,4]                                  1                -0.6464
   7934 vicecap[373,6]                                  1              -0.434295
   7936 vicecap[373,8]                                  1              -0.284963
   7943 vicecap[19,5]                                   1               -0.47022
  10591 bench[197,6,1]                                  1              -0.567755
  10663 bench[131,4,1]                                  1               -0.71253
  10667 bench[131,5,1]                                  1              -0.608328
  10675 bench[131,7,1]                                  1              -0.466084
  10679 bench[131,8,1]                                  1              -0.377097
  10960 bench[20,8,2]                                   1              -0.075263
  14524 bench[82,4,2]                                   1               -0.12078
  14528 bench[82,5,2]                                   1              -0.103122
  14532 bench[82,6,2]                                   1              -0.083059
  14536 bench[82,7,2]                                   1              -0.070821
  14541 bench[82,8,3]                                   1              -0.003295
  15122 bench[148,4,0]                                  1               -0.03864
  15126 bench[148,5,0]                                  1              -0.033277
  15130 bench[148,6,0]                                  1              -0.029435
  15134 bench[148,7,0]                                  1              -0.024927
  15138 bench[148,8,0]                                  1              -0.020217
  17105 bench[538,4,3]                                  1              -0.001164
  17109 bench[538,5,3]                                  1              -0.000434
  17113 bench[538,6,3]                                  1              -0.000358
  17117 bench[538,7,3]                                  1              -0.000704
  17363 transfer_in[430,5]                              1              0.8803015
  17418 transfer_in[415,5]                              1              1.0428187
  19263 tr_out_reg[355,5]                               1              -1.896034
  19513 tr_out_reg[112,5]                               1             -0.6094395
  21142 itb[3]                                        0.7                      0
  21143 itb[4]                                        0.7                      0
  21144 itb[5]                                          5                      0
  21145 itb[6]                                          5                      0
  21146 itb[7]                                          5                      0
  21147 itb[8]                                          5                      0
  21149 ft[4]                                           1                   -1.5
  21150 ft[5]                                           2                 -1.275
  21151 ft[6]                                           1               -1.08375
  21152 ft[7]                                           2              -0.921187
  21153 ft[8]                                           2              -0.783009
  21160 aux[5]                                          1                      0
  21162 aux[7]                                          1                      0
  21163 aux[8]                                          1                      0
