Optimal (within gap tolerance) - objective value -176.09722300
      0 squad[333,34]                                    1                       0
      1 squad[333,35]                                    1                       0
      2 squad[333,36]                                    1                       0
      3 squad[333,37]                                    1                       0
      7 squad[318,37]                                    1                       0
      8 squad[124,34]                                    1                       0
      9 squad[124,35]                                    1                       0
     10 squad[124,36]                                    1                       0
     11 squad[124,37]                                    1                       0
     15 squad[335,37]                                    1                       0
     16 squad[116,34]                                    1                       0
     17 squad[116,35]                                    1                       0
     18 squad[116,36]                                    1                       0
     19 squad[116,37]                                    1                       0
     20 squad[283,34]                                    1                       0
     21 squad[283,35]                                    1                       0
     22 squad[283,36]                                    1                       0
     40 squad[357,34]                                    1                       0
     41 squad[357,35]                                    1                       0
     42 squad[357,36]                                    1                       0
     43 squad[357,37]                                    1                       0
     44 squad[332,34]                                    1                       0
     45 squad[332,35]                                    1                       0
     46 squad[332,36]                                    1                       0
     47 squad[332,37]                                    1                       0
     48 squad[427,34]                                    1                       0
     49 squad[427,35]                                    1                       0
     50 squad[427,36]                                    1                       0
     51 squad[427,37]                                    1                       0
     52 squad[133,34]                                    1                       0
     53 squad[133,35]                                    1                       0
     54 squad[133,36]                                    1                       0
     55 squad[133,37]                                    1                       0
     60 squad[307,34]                                    1                       0
     61 squad[307,35]                                    1                       0
     62 squad[307,36]                                    1                       0
     63 squad[307,37]                                    1                       0
     96 squad[40,34]                                     1                       0
     97 squad[40,35]                                     1                       0
     98 squad[40,36]                                     1                       0
    104 squad[104,34]                                    1                       0
    105 squad[104,35]                                    1                       0
    106 squad[104,36]                                    1                       0
    107 squad[104,37]                                    1                       0
    125 squad[366,35]                                    1                       0
    126 squad[366,36]                                    1                       0
    140 squad[377,34]                                    1                       0
    141 squad[377,35]                                    1                       0
    142 squad[377,36]                                    1                       0
    143 squad[377,37]                                    1                       0
    183 squad[312,37]                                    1                       0
    184 squad[66,34]                                     1                       0
    185 squad[66,35]                                     1                       0
    186 squad[66,36]                                     1                       0
    187 squad[66,37]                                     1                       0
   1256 squad[329,34]                                    1                       0
   1516 squad[188,34]                                    1                       0
   1517 squad[188,35]                                    1                       0
   1518 squad[188,36]                                    1                       0
   1519 squad[188,37]                                    1                       0
   2800 lineup[333,35]                                   1                  -5.206
   2801 lineup[333,36]                                   1                   -4.29
   2802 lineup[333,37]                                   1               -6.064312
   2805 lineup[318,37]                                   1                  -5.697
   2806 lineup[124,35]                                   1                  -5.156
   2807 lineup[124,36]                                   1                -6.05625
   2808 lineup[124,37]                                   1                 -4.8555
   2811 lineup[335,37]                                   1               -5.513062
   2812 lineup[116,35]                                   1                  -4.967
   2813 lineup[116,36]                                   1                -5.71725
   2814 lineup[116,37]                                   1                -4.65975
   2815 lineup[283,35]                                   1                  -6.167
   2816 lineup[283,36]                                   1                  -4.656
   2830 lineup[357,35]                                   1                  -3.561
   2831 lineup[357,36]                                   1                  -6.243
   2832 lineup[357,37]                                   1                -2.78325
   2833 lineup[332,35]                                   1                  -3.663
   2834 lineup[332,36]                                   1                -3.51075
   2835 lineup[332,37]                                   1               -4.502812
   2836 lineup[427,35]                                   1                  -5.205
   2837 lineup[427,36]                                   1                 -3.6765
   2838 lineup[427,37]                                   1                 -2.9385
   2840 lineup[133,36]                                   1                 -3.8025
   2845 lineup[307,35]                                   1                  -4.468
   2847 lineup[307,37]                                   1               -4.006125
   2872 lineup[40,35]                                    1                  -4.643
   2879 lineup[104,36]                                   1                -4.01175
   2880 lineup[104,37]                                   1               -3.693937
   2894 lineup[366,36]                                   1                -4.94925
   2905 lineup[377,35]                                   1                  -2.636
   2906 lineup[377,36]                                   1                  -4.746
   2937 lineup[312,37]                                   1                 -3.6585
   2938 lineup[66,35]                                    1                   -3.67
   4002 captain[333,37]                                  1               -6.064312
   4015 captain[283,35]                                  1                  -6.167
   4031 captain[357,36]                                  1                  -6.243
   5200 vicecap[333,35]                                  1                 -0.5206
   5205 vicecap[318,37]                                  1                 -0.5697
   5207 vicecap[124,36]                                  1               -0.605625
   6556 bench[133,35,0]                                  1                -0.12435
   6564 bench[133,37,0]                                  1               -0.110481
   6584 bench[307,36,0]                                  1               -0.092137
   6693 bench[40,36,1]                                   1               -0.732847
   6714 bench[104,35,2]                                  1                -0.10806
   6773 bench[366,35,1]                                  1                -0.57645
   6829 bench[377,37,1]                                  1               -0.442732
   6958 bench[66,36,2]                                   1               -0.169875
   6962 bench[66,37,2]                                   1               -0.118699
  10951 bench[188,35,3]                                  1               -0.000252
  10955 bench[188,36,3]                                  1                -0.00045
  10959 bench[188,37,3]                                  1               -0.001655
  11205 transfer_in[318,37]                              1                       0
  11211 transfer_in[335,37]                              1                       0
  11293 transfer_in[366,35]                              1                       0
  11337 transfer_in[312,37]                              1                       0
  12405 tr_out_first[283,37]                             1                       0
  12489 tr_out_reg[40,37]                                1                       0
  12510 tr_out_reg[366,37]                               1                       0
  13357 tr_out_reg[329,35]                               1                       0
  13615 itb[34]                                        2.6                       0
  13616 itb[35]                                        2.3                       0
  13617 itb[36]                                        2.3                       0
  13618 itb[37]                                          2                       0
  13620 ft[35]                                           1                    -2.2
  13621 ft[36]                                           1                   -1.65
  13622 ft[37]                                           2                 -1.2375
  13625 pt[37]                                           1                    2.25
  13628 aux[37]                                          1                       0
