Optimal (within gap tolerance) - objective value -263.60727239
      0 squad[318,21]                                    1                       0
      1 squad[318,22]                                    1                       0
      2 squad[318,23]                                    1                       0
      3 squad[318,24]                                    1                       0
      4 squad[318,25]                                    1                       0
      5 squad[318,26]                                    1                       0
      6 squad[13,21]                                     1                       0
      7 squad[13,22]                                     1                       0
      8 squad[13,23]                                     1                       0
      9 squad[13,24]                                     1                       0
     10 squad[13,25]                                     1                       0
     11 squad[13,26]                                     1                       0
     18 squad[335,21]                                    1                       0
     19 squad[335,22]                                    1                       0
     20 squad[335,23]                                    1                       0
     21 squad[335,24]                                    1                       0
     22 squad[335,25]                                    1                       0
     23 squad[335,26]                                    1                       0
     25 squad[333,22]                                    1                       0
     36 squad[301,21]                                    1                       0
     38 squad[301,23]                                    1                       0
     45 squad[427,24]                                    1                       0
     46 squad[427,25]                                    1                       0
     47 squad[427,26]                                    1                       0
     48 squad[332,21]                                    1                       0
     49 squad[332,22]                                    1                       0
     50 squad[332,23]                                    1                       0
     51 squad[332,24]                                    1                       0
     52 squad[332,25]                                    1                       0
     53 squad[332,26]                                    1                       0
     62 squad[26,23]                                     1                       0
     63 squad[26,24]                                     1                       0
     64 squad[26,25]                                     1                       0
     65 squad[26,26]                                     1                       0
     66 squad[307,21]                                    1                       0
     67 squad[307,22]                                    1                       0
     68 squad[307,23]                                    1                       0
     69 squad[307,24]                                    1                       0
     70 squad[307,25]                                    1                       0
     71 squad[307,26]                                    1                       0
     72 squad[16,21]                                     1                       0
     73 squad[16,22]                                     1                       0
     78 squad[133,21]                                    1                       0
     79 squad[133,22]                                    1                       0
     80 squad[133,23]                                    1                       0
     81 squad[133,24]                                    1                       0
     82 squad[133,25]                                    1                       0
     83 squad[133,26]                                    1                       0
     85 squad[313,22]                                    1                       0
     86 squad[313,23]                                    1                       0
     87 squad[313,24]                                    1                       0
     88 squad[313,25]                                    1                       0
     89 squad[313,26]                                    1                       0
    120 squad[357,21]                                    1                       0
    121 squad[357,22]                                    1                       0
    122 squad[357,23]                                    1                       0
    123 squad[357,24]                                    1                       0
    124 squad[357,25]                                    1                       0
    125 squad[357,26]                                    1                       0
    147 squad[124,24]                                    1                       0
    148 squad[124,25]                                    1                       0
    149 squad[124,26]                                    1                       0
    270 squad[210,21]                                    1                       0
    271 squad[210,22]                                    1                       0
    272 squad[210,23]                                    1                       0
    273 squad[210,24]                                    1                       0
    274 squad[210,25]                                    1                       0
    275 squad[210,26]                                    1                       0
    330 squad[358,21]                                    1                       0
    331 squad[358,22]                                    1                       0
    332 squad[358,23]                                    1                       0
    333 squad[358,24]                                    1                       0
    334 squad[358,25]                                    1                       0
    335 squad[358,26]                                    1                       0
    349 squad[619,22]                                    1                       0
    350 squad[619,23]                                    1                       0
    378 squad[160,21]                                    1                       0
    379 squad[160,22]                                    1                       0
    380 squad[160,23]                                    1                       0
    381 squad[160,24]                                    1                       0
    382 squad[160,25]                                    1                       0
    383 squad[160,26]                                    1                       0
    528 squad[346,21]                                    1                       0
    529 squad[346,22]                                    1                       0
    530 squad[346,23]                                    1                       0
    531 squad[346,24]                                    1                       0
    532 squad[346,25]                                    1                       0
    533 squad[346,26]                                    1                       0
    888 squad[345,21]                                    1                       0
   2022 squad[112,21]                                    1                       0
   5588 lineup[318,22]                                   1               -8.013614
   5589 lineup[318,23]                                   1                -10.1693
   5590 lineup[318,24]                                   1               -3.634808
   5591 lineup[318,25]                                   1               -4.723956
   5592 lineup[318,26]                                   1               -2.443429
   5593 lineup[13,22]                                    1               -5.813893
   5594 lineup[13,23]                                    1               -6.613274
   5595 lineup[13,24]                                    1               -3.880846
   5596 lineup[13,25]                                    1               -1.986613
   5597 lineup[13,26]                                    1               -1.668062
   5603 lineup[335,22]                                   1               -11.57536
   5604 lineup[335,23]                                   1               -4.528609
   5605 lineup[335,24]                                   1               -2.678318
   5606 lineup[335,25]                                   1               -2.218118
   5607 lineup[335,26]                                   1                -1.65046
   5608 lineup[333,22]                                   1               -9.533154
   5619 lineup[301,23]                                   1               -7.412571
   5625 lineup[427,24]                                   1               -3.595856
   5626 lineup[427,25]                                   1               -3.068752
   5627 lineup[427,26]                                   1               -2.571107
   5628 lineup[332,22]                                   1               -9.637717
   5629 lineup[332,23]                                   1               -3.374035
   5630 lineup[332,24]                                   1               -3.407093
   5631 lineup[332,25]                                   1               -2.250941
   5632 lineup[332,26]                                   1                -1.47599
   5639 lineup[26,23]                                    1                -6.46072
   5640 lineup[26,24]                                    1               -2.621639
   5641 lineup[26,25]                                    1               -2.426571
   5642 lineup[26,26]                                    1               -2.617842
   5644 lineup[307,23]                                   1               -5.988179
   5646 lineup[307,25]                                   1               -2.459156
   5648 lineup[16,22]                                    1               -3.750501
   5653 lineup[133,22]                                   1               -4.765215
   5655 lineup[133,24]                                   1               -3.297148
   5657 lineup[133,26]                                   1               -2.020486
   5658 lineup[313,22]                                   1               -6.208233
   5659 lineup[313,23]                                   1                -6.65123
   5660 lineup[313,24]                                   1               -2.586047
   5661 lineup[313,25]                                   1               -2.315494
   5662 lineup[313,26]                                   1               -2.490925
   5688 lineup[357,22]                                   1               -5.410115
   5689 lineup[357,23]                                   1               -4.659329
   5690 lineup[357,24]                                   1               -2.950689
   5691 lineup[357,25]                                   1               -2.771831
   5710 lineup[124,24]                                   1               -3.026151
   5712 lineup[124,26]                                   1               -1.903594
   5814 lineup[210,23]                                   1               -3.626668
   5815 lineup[210,24]                                   1               -2.472728
   5816 lineup[210,25]                                   1                 -2.3753
   5817 lineup[210,26]                                   1               -1.827459
   5863 lineup[358,22]                                   1               -4.531551
   5864 lineup[358,23]                                   1               -3.907639
   5878 lineup[619,22]                                   1               -6.729337
   5906 lineup[160,25]                                   1               -2.496628
   5907 lineup[160,26]                                   1               -1.892922
   8129 captain[318,23]                                  1                -10.1693
   8131 captain[318,25]                                  1               -4.723956
   8135 captain[13,24]                                   1               -3.880846
   8143 captain[335,22]                                  1               -11.57536
   8182 captain[26,26]                                   1               -2.617842
  10670 vicecap[318,24]                                  1              -0.3634808
  10699 vicecap[301,23]                                  1              -0.7412571
  10706 vicecap[427,25]                                  1              -0.3068752
  10707 vicecap[427,26]                                  1              -0.2571107
  10708 vicecap[332,22]                                  1              -0.9637717
  13428 bench[307,22,0]                                  1              -0.1053845
  13436 bench[307,24,0]                                  1             -0.08553164
  13444 bench[307,26,0]                                  1             -0.05505799
  13472 bench[133,23,0]                                  1              -0.1093122
  13480 bench[133,25,0]                                  1             -0.06264881
  13626 bench[357,26,2]                                  1             -0.07152638
  13702 bench[124,25,2]                                  1              -0.1090148
  14110 bench[210,22,2]                                  1              -0.1209622
  14319 bench[358,24,3]                                  1             -0.00535782
  14321 bench[358,25,1]                                  1              -0.3886174
  14327 bench[358,26,3]                                  1            -0.003468692
  14375 bench[619,23,3]                                  1            -0.008605726
  14471 bench[160,22,3]                                  1           -0.0009864568
  14474 bench[160,23,2]                                  1              -0.1884149
  14477 bench[160,24,1]                                  1              -0.4200916
  14969 bench[346,22,1]                                  1              -0.5879631
  14973 bench[346,23,1]                                  1               -0.682909
  14978 bench[346,24,2]                                  1              -0.1116511
  14983 bench[346,25,3]                                  1            -0.004005294
  14985 bench[346,26,1]                                  1               -0.303116
  23388 transfer_in[333,22]                              1               6.9218617
  23399 transfer_in[301,23]                              1               6.2397244
  23405 transfer_in[427,24]                              1                3.921582
  23419 transfer_in[26,23]                               1               2.6456431
  23438 transfer_in[313,22]                              1               3.4958898
  23490 transfer_in[124,24]                              1               1.7094075
  23658 transfer_in[619,22]                              1               3.4958898
  25964 tr_out_reg[333,23]                               1              -4.9418617
  25973 tr_out_reg[301,22]                               1              -8.7397244
  25975 tr_out_reg[301,24]                               1              -4.1897244
  26004 tr_out_reg[16,23]                                1              -2.5957253
  26235 tr_out_reg[619,24]                               1              -1.6758898
  26683 tr_out_reg[345,22]                               1              -4.5446567
  27628 tr_out_reg[112,22]                               1              -3.5658075
  28483 itb[21]                                        0.2                       0
  28484 itb[22]                                        4.4           5.5511151e-17
  28485 itb[23]                                        1.7                       0
  28486 itb[24]                                        2.4           2.7755576e-17
  28487 itb[25]                                        2.4           1.3877788e-17
  28488 itb[26]                                        2.4                       0
  28490 ft[22]                                           2                    -1.5
  28491 ft[23]                                           1                   -1.23
  28492 ft[24]                                           1                 -1.0086
  28493 ft[25]                                           1               -0.827052
  28494 ft[26]                                           2              -0.6781826
  28495 pt[22]                                           1                       4
  28496 pt[23]                                           1                    3.28
  28497 pt[24]                                           1                  2.6896
  28504 aux[26]                                          1                       0
