Optimal (within gap tolerance) - objective value -313.44055800
      1 squad[308,1]                                    1                       0
      2 squad[308,2]                                    1                       0
      3 squad[308,3]                                    1                       0
      4 squad[308,4]                                    1                       0
      5 squad[308,5]                                    1                       0
      6 squad[308,6]                                    1                       0
      7 squad[308,7]                                    1                       0
      8 squad[308,8]                                    1                       0
     23 squad[500,5]                                    1                       0
     24 squad[500,6]                                    1                       0
     25 squad[500,7]                                    1                       0
     26 squad[500,8]                                    1                       0
     37 squad[373,1]                                    1                       0
     38 squad[373,2]                                    1                       0
     39 squad[373,3]                                    1                       0
     40 squad[373,4]                                    1                       0
     41 squad[373,5]                                    1                       0
     42 squad[373,6]                                    1                       0
     43 squad[373,7]                                    1                       0
     44 squad[373,8]                                    1                       0
     64 squad[353,1]                                    1                       0
     65 squad[353,2]                                    1                       0
     66 squad[353,3]                                    1                       0
     67 squad[353,4]                                    1                       0
     68 squad[353,5]                                    1                       0
     69 squad[353,6]                                    1                       0
     70 squad[353,7]                                    1                       0
     71 squad[353,8]                                    1                       0
    100 squad[212,1]                                    1                       0
    101 squad[212,2]                                    1                       0
    102 squad[212,3]                                    1                       0
    103 squad[212,4]                                    1                       0
    104 squad[212,5]                                    1                       0
    105 squad[212,6]                                    1                       0
    106 squad[212,7]                                    1                       0
    107 squad[212,8]                                    1                       0
    113 squad[430,5]                                    1                       0
    114 squad[430,6]                                    1                       0
    115 squad[430,7]                                    1                       0
    116 squad[430,8]                                    1                       0
    118 squad[108,1]                                    1                       0
    119 squad[108,2]                                    1                       0
    120 squad[108,3]                                    1                       0
    121 squad[108,4]                                    1                       0
    127 squad[143,1]                                    1                       0
    128 squad[143,2]                                    1                       0
    129 squad[143,3]                                    1                       0
    130 squad[143,4]                                    1                       0
    131 squad[143,5]                                    1                       0
    132 squad[143,6]                                    1                       0
    133 squad[143,7]                                    1                       0
    134 squad[143,8]                                    1                       0
    149 squad[226,5]                                    1                       0
    150 squad[226,6]                                    1                       0
    151 squad[226,7]                                    1                       0
    152 squad[226,8]                                    1                       0
    226 squad[195,1]                                    1                       0
    227 squad[195,2]                                    1                       0
    228 squad[195,3]                                    1                       0
    229 squad[195,4]                                    1                       0
    271 squad[131,1]                                    1                       0
    272 squad[131,2]                                    1                       0
    273 squad[131,3]                                    1                       0
    274 squad[131,4]                                    1                       0
    289 squad[5,1]                                      1                       0
    290 squad[5,2]                                      1                       0
    291 squad[5,3]                                      1                       0
    292 squad[5,4]                                      1                       0
    334 squad[230,1]                                    1                       0
    335 squad[230,2]                                    1                       0
    336 squad[230,3]                                    1                       0
    337 squad[230,4]                                    1                       0
    379 squad[148,1]                                    1                       0
    380 squad[148,2]                                    1                       0
    381 squad[148,3]                                    1                       0
    382 squad[148,4]                                    1                       0
    383 squad[148,5]                                    1                       0
    384 squad[148,6]                                    1                       0
    385 squad[148,7]                                    1                       0
    386 squad[148,8]                                    1                       0
    397 squad[20,1]                                     1                       0
    398 squad[20,2]                                     1                       0
    399 squad[20,3]                                     1                       0
    400 squad[20,4]                                     1                       0
    559 squad[112,1]                                    1                       0
    560 squad[112,2]                                    1                       0
    561 squad[112,3]                                    1                       0
    562 squad[112,4]                                    1                       0
    599 squad[275,5]                                    1                       0
    600 squad[275,6]                                    1                       0
    601 squad[275,7]                                    1                       0
    602 squad[275,8]                                    1                       0
    635 squad[506,5]                                    1                       0
    636 squad[506,6]                                    1                       0
    637 squad[506,7]                                    1                       0
    638 squad[506,8]                                    1                       0
    860 squad[405,5]                                    1                       0
    861 squad[405,6]                                    1                       0
    862 squad[405,7]                                    1                       0
    863 squad[405,8]                                    1                       0
    905 squad[407,5]                                    1                       0
    906 squad[407,6]                                    1                       0
    907 squad[407,7]                                    1                       0
    908 squad[407,8]                                    1                       0
   1301 squad[286,5]                                    1                       0
   1302 squad[286,6]                                    1                       0
   1303 squad[286,7]                                    1                       0
   1304 squad[286,8]                                    1                       0
   2485 squad[538,1]                                    1                       0
   2486 squad[538,2]                                    1                       0
   2487 squad[538,3]                                    1                       0
   2488 squad[538,4]                                    1                       0
   2489 squad[538,5]                                    1                       0
   2490 squad[538,6]                                    1                       0
   2491 squad[538,7]                                    1                       0
   2492 squad[538,8]                                    1                       0
   2656 squad[82,1]                                     1                       0
   2657 squad[82,2]                                     1                       0
   2658 squad[82,3]                                     1                       0
   2659 squad[82,4]                                     1                       0
   6341 lineup[308,1]                                   1                  -6.446
   6342 lineup[308,2]                                   1                -6.20755
   6343 lineup[308,3]                                   1                -3.88994
   6344 lineup[308,4]                                   1               -4.003481
   6345 lineup[308,5]                                   1               -3.706244
   6346 lineup[308,6]                                   1               -3.172493
   6347 lineup[308,7]                                   1               -2.480512
   6348 lineup[308,8]                                   1               -1.786897
   6361 lineup[500,5]                                   1               -3.711464
   6362 lineup[500,6]                                   1               -2.151083
   6363 lineup[500,7]                                   1               -1.938926
   6364 lineup[500,8]                                   1               -2.262633
   6373 lineup[373,1]                                   1                  -6.053
   6374 lineup[373,2]                                   1                 -4.5662
   6375 lineup[373,3]                                   1                -4.48528
   6376 lineup[373,4]                                   1               -2.921393
   6377 lineup[373,5]                                   1                -2.65388
   6378 lineup[373,6]                                   1               -2.670219
   6379 lineup[373,7]                                   1               -2.130895
   6380 lineup[373,8]                                   1               -1.756121
   6397 lineup[353,1]                                   1                  -5.395
   6398 lineup[353,2]                                   1                -3.84965
   6399 lineup[353,3]                                   1               -4.475887
   6400 lineup[353,4]                                   1               -3.282498
   6401 lineup[353,5]                                   1               -2.700338
   6402 lineup[353,6]                                   1               -2.467445
   6403 lineup[353,7]                                   1               -2.022276
   6404 lineup[353,8]                                   1               -1.425606
   6429 lineup[212,1]                                   1                  -4.358
   6430 lineup[212,2]                                   1                -4.17435
   6431 lineup[212,3]                                   1               -4.209285
   6432 lineup[212,4]                                   1               -3.134494
   6433 lineup[212,5]                                   1               -2.641352
   6434 lineup[212,6]                                   1               -2.067667
   6435 lineup[212,7]                                   1               -1.881222
   6436 lineup[212,8]                                   1                -1.62212
   6441 lineup[430,5]                                   1               -2.753583
   6442 lineup[430,6]                                   1               -2.581034
   6443 lineup[430,7]                                   1               -2.461655
   6444 lineup[430,8]                                   1               -1.638149
   6445 lineup[108,1]                                   1                  -5.134
   6446 lineup[108,2]                                   1                -4.16755
   6447 lineup[108,3]                                   1               -3.666687
   6448 lineup[108,4]                                   1               -3.315661
   6453 lineup[143,1]                                   1                  -5.533
   6454 lineup[143,2]                                   1                -4.47865
   6455 lineup[143,3]                                   1               -3.741105
   6456 lineup[143,4]                                   1               -2.674514
   6457 lineup[143,5]                                   1               -2.405927
   6458 lineup[143,6]                                   1               -2.404439
   6459 lineup[143,7]                                   1               -1.793346
   6460 lineup[143,8]                                   1               -1.415027
   6473 lineup[226,5]                                   1               -2.376172
   6474 lineup[226,6]                                   1               -2.234056
   6475 lineup[226,7]                                   1               -1.631926
   6476 lineup[226,8]                                   1               -1.689762
   6542 lineup[195,2]                                   1                -3.34475
   6543 lineup[195,3]                                   1               -3.793848
   6544 lineup[195,4]                                   1               -3.097032
   6581 lineup[131,1]                                   1                  -5.615
   6582 lineup[131,2]                                   1                -3.79015
   6583 lineup[131,3]                                   1               -3.272925
   6597 lineup[5,1]                                     1                  -5.338
   6598 lineup[5,2]                                     1                 -3.1569
   6599 lineup[5,3]                                     1               -3.350955
   6600 lineup[5,4]                                     1               -2.331218
   6640 lineup[230,4]                                   1               -2.828046
   6677 lineup[148,1]                                   1                  -5.165
   6678 lineup[148,2]                                   1                 -3.4901
   6679 lineup[148,3]                                   1               -3.048227
   6682 lineup[148,6]                                   1               -2.098726
   6693 lineup[20,1]                                    1                  -5.157
   6840 lineup[112,4]                                   1               -2.745139
   6873 lineup[275,5]                                   1               -2.365732
   6875 lineup[275,7]                                   1               -1.399602
   6876 lineup[275,8]                                   1               -1.436827
   6905 lineup[506,5]                                   1               -2.503542
   6908 lineup[506,8]                                   1               -1.363414
   7106 lineup[405,6]                                   1                -1.83694
   7107 lineup[405,7]                                   1               -1.818615
   7146 lineup[407,6]                                   1               -1.790795
   7147 lineup[407,7]                                   1               -1.779014
   7497 lineup[286,5]                                   1               -2.110471
   7500 lineup[286,8]                                   1               -1.280064
   8701 lineup[82,1]                                    1                  -0.774
   8702 lineup[82,2]                                    1                 -0.6052
   8703 lineup[82,3]                                    1               -0.553435
   8704 lineup[82,4]                                    1               -0.456909
   9326 captain[308,2]                                  1                -6.20755
   9328 captain[308,4]                                  1               -4.003481
   9330 captain[308,6]                                  1               -3.172493
   9331 captain[308,7]                                  1               -2.480512
   9345 captain[500,5]                                  1               -3.711464
   9348 captain[500,8]                                  1               -2.262633
   9357 captain[373,1]                                  1                  -6.053
   9383 captain[353,3]                                  1               -4.475887
  12309 vicecap[308,1]                                  1                 -0.6446
  12313 vicecap[308,5]                                  1               -0.370624
  12316 vicecap[308,8]                                  1                -0.17869
  12342 vicecap[373,2]                                  1                -0.45662
  12343 vicecap[373,3]                                  1               -0.448528
  12346 vicecap[373,6]                                  1               -0.267022
  12411 vicecap[430,7]                                  1               -0.246165
  12416 vicecap[108,4]                                  1               -0.331566
  16095 bench[195,1,2]                                  1                -0.19728
  16267 bench[131,4,2]                                  1               -0.122592
  16477 bench[230,1,0]                                  1                -0.12978
  16481 bench[230,2,0]                                  1               -0.086751
  16485 bench[230,3,0]                                  1               -0.078442
  16649 bench[148,4,0]                                  1               -0.061167
  16653 bench[148,5,0]                                  1               -0.051522
  16661 bench[148,7,0]                                  1               -0.038503
  16665 bench[148,8,0]                                  1               -0.031987
  16707 bench[20,2,2]                                   1               -0.180489
  16710 bench[20,3,1]                                   1               -0.674721
  16714 bench[20,4,1]                                   1               -0.462215
  17278 bench[112,1,1]                                  1                -0.81438
  17282 bench[112,2,1]                                  1               -0.645813
  17287 bench[112,3,2]                                  1               -0.167071
  17425 bench[275,6,0]                                  1               -0.047334
  17555 bench[506,6,2]                                  1               -0.068366
  17559 bench[506,7,2]                                  1                -0.06576
  18350 bench[405,5,1]                                  1               -0.406585
  18362 bench[405,8,1]                                  1               -0.233268
  18511 bench[407,5,2]                                  1               -0.112973
  18523 bench[407,8,2]                                  1               -0.064705
  19922 bench[286,6,1]                                  1               -0.259594
  19926 bench[286,7,1]                                  1               -0.235545
  24128 bench[538,1,3]                                  1               -0.002763
  24132 bench[538,2,3]                                  1               -0.002282
  24136 bench[538,3,3]                                  1               -0.001821
  24140 bench[538,4,3]                                  1               -0.002008
  24144 bench[538,5,3]                                  1               -0.001336
  24148 bench[538,6,3]                                  1               -0.001129
  24152 bench[538,7,3]                                  1               -0.001228
  24156 bench[538,8,3]                                  1               -0.000815
  27229 transfer_in[308,1]                              1                3.031275
  27249 transfer_in[500,5]                              1               1.0396375
  27261 transfer_in[373,1]                              1                2.061267
  27285 transfer_in[353,1]                              1                1.818765
  27317 transfer_in[212,1]                              1                1.818765
  27329 transfer_in[430,5]                              1               0.5406115
  27333 transfer_in[108,1]                              1                1.576263
  27341 transfer_in[143,1]                              1                1.576263
  27361 transfer_in[226,5]                              1               0.5406115
  27429 transfer_in[195,1]                              1                1.333761
  27469 transfer_in[131,1]                              1                 1.21251
  27485 transfer_in[5,1]                                1                 1.21251
  27525 transfer_in[230,1]                              1                1.091259
  27565 transfer_in[148,1]                              1                1.091259
  27581 transfer_in[20,1]                               1                 1.21251
  27725 transfer_in[112,1]                              1                1.091259
  27761 transfer_in[275,5]                              1               0.3742695
  27793 transfer_in[506,5]                              1                0.415855
  27993 transfer_in[405,5]                              1               0.3742695
  28033 transfer_in[407,5]                              1               0.3742695
  28385 transfer_in[286,5]                              1               0.3742695
  29437 transfer_in[538,1]                              1                1.091259
  29589 transfer_in[82,1]                               1                1.091259
  30321 tr_out_reg[108,5]                               1              -0.5406115
  30417 tr_out_reg[195,5]                               1              -0.4574405
  30457 tr_out_reg[131,5]                               1               -0.415855
  30473 tr_out_reg[5,5]                                 1               -0.415855
  30513 tr_out_reg[230,5]                               1              -0.3742695
  30569 tr_out_reg[20,5]                                1               -0.415855
  30713 tr_out_reg[112,5]                               1              -0.3742695
  32577 tr_out_reg[82,5]                                1              -0.3742695
  33197 itb[0]                                        100                       0
  33198 itb[1]                                          8                       0
  33199 itb[2]                                          8           2.7755576e-17
  33200 itb[3]                                          8           1.3877788e-17
  33201 itb[4]                                          8                       0
  33207 ft[1]                                           1                    -1.5
  33208 ft[2]                                           1                  -1.275
  33209 ft[3]                                           2                -1.08375
  33210 ft[4]                                           2               -0.921187
  33211 ft[5]                                           2               -0.783009
  33212 ft[6]                                           1               -0.665558
  33213 ft[7]                                           2               -0.565724
  33214 ft[8]                                           2               -0.480866
  33225 aux[3]                                          1                       0
  33226 aux[4]                                          1                       0
  33227 aux[5]                                          1                       0
  33229 aux[7]                                          1                       0
  33230 aux[8]                                          1                       0
  33235 use_wc[5]                                       1                       0
