Optimal (within gap tolerance) - objective value -287.13692633
      0 squad[318,21]                                    1                       0
      1 squad[318,22]                                    1                       0
      2 squad[318,23]                                    1                       0
      3 squad[318,24]                                    1                       0
      4 squad[318,25]                                    1                       0
      5 squad[318,26]                                    1                       0
      7 squad[283,22]                                    1                       0
      8 squad[283,23]                                    1                       0
      9 squad[283,24]                                    1                       0
     10 squad[283,25]                                    1                       0
     11 squad[283,26]                                    1                       0
     12 squad[13,21]                                     1                       0
     14 squad[13,23]                                     1                       0
     15 squad[13,24]                                     1                       0
     16 squad[13,25]                                     1                       0
     17 squad[13,26]                                     1                       0
     19 squad[7,22]                                      1                       0
     20 squad[7,23]                                      1                       0
     21 squad[7,24]                                      1                       0
     22 squad[7,25]                                      1                       0
     23 squad[7,26]                                      1                       0
     30 squad[301,21]                                    1                       0
     54 squad[16,21]                                     1                       0
     60 squad[335,21]                                    1                       0
     61 squad[335,22]                                    1                       0
     62 squad[335,23]                                    1                       0
     67 squad[284,22]                                    1                       0
     68 squad[284,23]                                    1                       0
     69 squad[284,24]                                    1                       0
     70 squad[284,25]                                    1                       0
     71 squad[284,26]                                    1                       0
     73 squad[313,22]                                    1                       0
     74 squad[313,23]                                    1                       0
     75 squad[313,24]                                    1                       0
     76 squad[313,25]                                    1                       0
     77 squad[313,26]                                    1                       0
     78 squad[307,21]                                    1                       0
     79 squad[307,22]                                    1                       0
     80 squad[307,23]                                    1                       0
     81 squad[307,24]                                    1                       0
     82 squad[307,25]                                    1                       0
     83 squad[307,26]                                    1                       0
     90 squad[133,21]                                    1                       0
     97 squad[333,22]                                    1                       0
    126 squad[332,21]                                    1                       0
    127 squad[332,22]                                    1                       0
    128 squad[332,23]                                    1                       0
    129 squad[332,24]                                    1                       0
    130 squad[332,25]                                    1                       0
    131 squad[332,26]                                    1                       0
    145 squad[238,22]                                    1                       0
    146 squad[238,23]                                    1                       0
    147 squad[238,24]                                    1                       0
    148 squad[238,25]                                    1                       0
    149 squad[238,26]                                    1                       0
    150 squad[210,21]                                    1                       0
    199 squad[315,22]                                    1                       0
    200 squad[315,23]                                    1                       0
    201 squad[315,24]                                    1                       0
    202 squad[315,25]                                    1                       0
    203 squad[315,26]                                    1                       0
    234 squad[357,21]                                    1                       0
    247 squad[222,22]                                    1                       0
    248 squad[222,23]                                    1                       0
    249 squad[222,24]                                    1                       0
    250 squad[222,25]                                    1                       0
    251 squad[222,26]                                    1                       0
    261 squad[107,24]                                    1                       0
    262 squad[107,25]                                    1                       0
    263 squad[107,26]                                    1                       0
    301 squad[619,22]                                    1                       0
    302 squad[619,23]                                    1                       0
    303 squad[619,24]                                    1                       0
    304 squad[619,25]                                    1                       0
    305 squad[619,26]                                    1                       0
    415 squad[461,22]                                    1                       0
    416 squad[461,23]                                    1                       0
    417 squad[461,24]                                    1                       0
    418 squad[461,25]                                    1                       0
    419 squad[461,26]                                    1                       0
    450 squad[346,21]                                    1                       0
    504 squad[358,21]                                    1                       0
    649 squad[596,22]                                    1                       0
    650 squad[596,23]                                    1                       0
    651 squad[596,24]                                    1                       0
    652 squad[596,25]                                    1                       0
    653 squad[596,26]                                    1                       0
   1020 squad[345,21]                                    1                       0
   1914 squad[112,21]                                    1                       0
   2532 squad[160,21]                                    1                       0
   5533 lineup[318,22]                                   1               -6.535008
   5534 lineup[318,23]                                   1               -13.16757
   5535 lineup[318,24]                                   1               -5.160284
   5536 lineup[318,25]                                   1               -3.409095
   5537 lineup[318,26]                                   1               -2.612586
   5538 lineup[283,22]                                   1               -6.011949
   5539 lineup[283,23]                                   1                -5.45223
   5540 lineup[283,24]                                   1               -3.206794
   5541 lineup[283,25]                                   1               -3.000905
   5542 lineup[283,26]                                   1               -2.907904
   5544 lineup[13,23]                                    1               -8.045686
   5545 lineup[13,24]                                    1               -3.575493
   5546 lineup[13,25]                                    1               -4.162133
   5547 lineup[13,26]                                    1               -2.364558
   5548 lineup[7,22]                                     1               -4.978547
   5549 lineup[7,23]                                     1               -8.593323
   5550 lineup[7,24]                                     1               -3.366437
   5551 lineup[7,25]                                     1               -2.783821
   5552 lineup[7,26]                                     1               -2.571627
   5583 lineup[335,22]                                   1               -12.57611
   5584 lineup[335,23]                                   1               -4.190932
   5588 lineup[284,22]                                   1               -4.679185
   5589 lineup[284,23]                                   1               -3.768388
   5591 lineup[284,25]                                   1               -2.635924
   5592 lineup[284,26]                                   1               -2.449062
   5593 lineup[313,22]                                   1               -5.094533
   5594 lineup[313,23]                                   1               -4.962821
   5595 lineup[313,24]                                   1               -2.910648
   5596 lineup[313,25]                                   1               -2.620838
   5597 lineup[313,26]                                   1               -2.165994
   5599 lineup[307,23]                                   1                -6.25277
   5600 lineup[307,24]                                   1               -2.863793
   5601 lineup[307,25]                                   1               -2.347682
   5602 lineup[307,26]                                   1               -1.712636
   5613 lineup[333,22]                                   1               -10.16396
   5638 lineup[332,22]                                   1               -9.383948
   5639 lineup[332,23]                                   1               -3.633423
   5640 lineup[332,24]                                   1               -3.315162
   5642 lineup[332,26]                                   1               -1.463583
   5653 lineup[238,22]                                   1               -6.769891
   5699 lineup[315,23]                                   1                -5.36417
   5700 lineup[315,24]                                   1               -2.426905
   5701 lineup[315,25]                                   1               -1.792341
   5738 lineup[222,22]                                   1               -5.981346
   5740 lineup[222,24]                                   1                -2.13595
   5741 lineup[222,25]                                   1               -1.968845
   5750 lineup[107,24]                                   1               -3.755459
   5752 lineup[107,26]                                   1               -2.248191
   5783 lineup[619,22]                                   1               -7.065609
   5786 lineup[619,25]                                   1               -1.350349
   5881 lineup[461,25]                                   1               -2.377138
   5882 lineup[461,26]                                   1               -1.498441
   6074 lineup[596,23]                                   1               -2.801863
   6075 lineup[596,24]                                   1               -2.933753
   6077 lineup[596,26]                                   1                -2.17278
   8049 captain[318,23]                                  1               -13.16757
   8050 captain[318,24]                                  1               -5.160284
   8057 captain[283,26]                                  1               -2.907904
   8061 captain[13,25]                                   1               -4.162133
   8098 captain[335,22]                                  1               -12.57611
  10566 vicecap[318,25]                                  1              -0.3409095
  10567 vicecap[318,26]                                  1              -0.2612586
  10579 vicecap[7,23]                                    1              -0.8593323
  10643 vicecap[333,22]                                  1               -1.016396
  10780 vicecap[107,24]                                  1              -0.3755459
  13308 bench[284,24,2]                                  1              -0.1208426
  13338 bench[307,22,0]                                  1              -0.1081723
  13513 bench[332,25,3]                                  1                       0
  13562 bench[238,23,0]                                  1             -0.07758154
  13566 bench[238,24,0]                                  1             -0.07330316
  13570 bench[238,25,0]                                  1             -0.06370177
  13574 bench[238,26,0]                                  1             -0.04250058
  13740 bench[315,22,2]                                  1              -0.1802989
  13755 bench[315,26,1]                                  1              -0.2983195
  13905 bench[222,23,3]                                  1            -0.006208642
  13916 bench[222,26,2]                                  1             -0.07498335
  13951 bench[107,25,1]                                  1              -0.1212521
  14083 bench[619,23,1]                                  1              -0.5986092
  14087 bench[619,24,1]                                  1              -0.4984034
  14097 bench[619,26,3]                                  1            -0.002344591
  14461 bench[461,22,3]                                  1            -0.002343742
  14464 bench[461,23,2]                                  1               -0.159297
  14469 bench[461,24,3]                                  1            -0.005524458
  15239 bench[596,22,1]                                  1              -0.4219081
  15252 bench[596,25,2]                                  1             -0.03407933
  23143 transfer_in[283,22]                              1               8.9494778
  23149 transfer_in[13,23]                               1               4.0932592
  23153 transfer_in[7,22]                                1               4.8243279
  23193 transfer_in[284,22]                              1               4.7544101
  23198 transfer_in[313,22]                              1               3.4958898
  23218 transfer_in[333,22]                              1               6.9218617
  23258 transfer_in[238,22]                              1               3.1463008
  23303 transfer_in[315,22]                              1               3.9153965
  23343 transfer_in[222,22]                              1               3.1463008
  23355 transfer_in[107,24]                              1               1.7429253
  23388 transfer_in[619,22]                              1               3.4958898
  23483 transfer_in[461,22]                              1                3.076383
  23678 transfer_in[596,22]                              1               3.2162186
  25653 tr_out_first[133,22]                             1              -3.1463008
  25658 tr_out_first[357,22]                             1              -4.1251499
  25663 tr_out_first[358,22]                             1              -3.1463008
  25673 tr_out_first[13,22]                              1              -5.6633414
  25680 tr_out_first[335,24]                             1              -2.3127279
  25683 tr_out_first[210,22]                             1              -4.8243279
  25688 tr_out_first[160,22]                             1               -5.103999
  25718 tr_out_reg[301,22]                               1              -8.7397244
  25738 tr_out_reg[16,22]                                1              -3.6357253
  25774 tr_out_reg[333,23]                               1              -4.9418617
  26068 tr_out_reg[346,22]                               1              -3.1463008
  26543 tr_out_reg[345,22]                               1              -4.5446567
  27288 tr_out_reg[112,22]                               1              -3.5658075
  28208 itb[21]                                        0.2                       0
  28209 itb[22]                                        1.2           5.5511151e-17
  28210 itb[23]                                        2.9                       0
  28211 itb[24]                                        4.6           2.7755576e-17
  28212 itb[25]                                        4.6           1.3877788e-17
  28213 itb[26]                                        4.6                       0
  28215 ft[22]                                           2                    -1.5
  28216 ft[23]                                           1                   -1.23
  28217 ft[24]                                           1                 -1.0086
  28218 ft[25]                                           1               -0.827052
  28219 ft[26]                                           2              -0.6781826
  28229 aux[26]                                          1                       0
  28230 use_wc[22]                                       1                       0
