Optimal (within gap tolerance) - objective value -145.71776800
      0 squad[355,5]                                    1                      0
      1 squad[355,6]                                    1                      0
      2 squad[355,7]                                    1                      0
      3 squad[308,5]                                    1                      0
      4 squad[308,6]                                    1                      0
      5 squad[308,7]                                    1                      0
      9 squad[19,5]                                     1                      0
     10 squad[19,6]                                     1                      0
     11 squad[19,7]                                     1                      0
     12 squad[108,5]                                    1                      0
     13 squad[108,6]                                    1                      0
     14 squad[108,7]                                    1                      0
     18 squad[373,5]                                    1                      0
     19 squad[373,6]                                    1                      0
     20 squad[373,7]                                    1                      0
     51 squad[131,5]                                    1                      0
     52 squad[131,6]                                    1                      0
     53 squad[131,7]                                    1                      0
     93 squad[143,5]                                    1                      0
     94 squad[143,6]                                    1                      0
    102 squad[511,5]                                    1                      0
    103 squad[511,6]                                    1                      0
    104 squad[511,7]                                    1                      0
    121 squad[405,6]                                    1                      0
    122 squad[405,7]                                    1                      0
    150 squad[112,5]                                    1                      0
    151 squad[112,6]                                    1                      0
    152 squad[112,7]                                    1                      0
    186 squad[20,5]                                     1                      0
    187 squad[20,6]                                     1                      0
    188 squad[20,7]                                     1                      0
    273 squad[230,5]                                    1                      0
    274 squad[230,6]                                    1                      0
    275 squad[230,7]                                    1                      0
    281 squad[630,7]                                    1                      0
    301 squad[614,6]                                    1                      0
    302 squad[614,7]                                    1                      0
    675 squad[195,5]                                    1                      0
    888 squad[82,5]                                     1                      0
    889 squad[82,6]                                     1                      0
    890 squad[82,7]                                     1                      0
    906 squad[148,5]                                    1                      0
   1089 squad[538,5]                                    1                      0
   1090 squad[538,6]                                    1                      0
   1091 squad[538,7]                                    1                      0
   1870 lineup[355,6]                                   1                 -7.476
   1871 lineup[355,7]                                   1               -7.71034
   1872 lineup[308,6]                                   1                 -6.941
   1873 lineup[308,7]                                   1               -6.72761
   1876 lineup[19,6]                                    1                 -6.005
   1877 lineup[19,7]                                    1               -6.65186
   1878 lineup[108,6]                                   1                 -5.801
   1879 lineup[108,7]                                   1               -5.95294
   1882 lineup[373,6]                                   1                 -5.809
   1883 lineup[373,7]                                   1               -5.04192
   1904 lineup[131,6]                                   1                 -5.594
   1905 lineup[131,7]                                   1               -4.19453
   1932 lineup[143,6]                                   1                 -4.579
   1950 lineup[405,6]                                   1                 -4.454
   1951 lineup[405,7]                                   1               -5.52066
   1970 lineup[112,6]                                   1                 -4.433
   1971 lineup[112,7]                                   1               -4.03495
   1994 lineup[20,6]                                    1                 -3.966
   1995 lineup[20,7]                                    1               -3.93193
   2052 lineup[230,6]                                   1                 -3.833
   2057 lineup[630,7]                                   1               -6.83669
   2071 lineup[614,7]                                   1               -7.18413
   2618 captain[355,6]                                  1                 -7.476
   2619 captain[355,7]                                  1               -7.71034
   3368 vicecap[308,6]                                  1                -0.6941
   3567 vicecap[614,7]                                  1              -0.718413
   4387 bench[511,6,1]                                  1               -0.66717
   4391 bench[511,7,1]                                  1              -0.739169
   4846 bench[230,7,0]                                  1              -0.092082
   4914 bench[614,6,0]                                  1               -0.10863
   6484 bench[82,6,2]                                   1               -0.04362
   6488 bench[82,7,2]                                   1               -0.04648
   7021 bench[538,6,3]                                  1              -0.000495
   7025 bench[538,7,3]                                  1              -0.001209
   7186 transfer_in[405,6]                              1                 0.4623
   7293 transfer_in[630,7]                              1                 0.2525
   7306 transfer_in[614,6]                              1                0.45225
   7929 tr_out_reg[143,7]                               1               -0.32825
   8316 tr_out_reg[195,6]                               1               -0.57285
   8470 tr_out_reg[148,6]                               1                -0.4422
   8614 itb[5]                                        0.5                      0
   8615 itb[6]                                        1.5                      0
   8616 itb[7]                                          3                      0
   8618 ft[6]                                           2                   -1.5
   8619 ft[7]                                           1                 -1.515
