Optimal (within gap tolerance) - objective value -229.23282350
      0 squad[333,34]                                    1                       0
      1 squad[333,35]                                    1                       0
      2 squad[333,36]                                    1                       0
      3 squad[333,37]                                    1                       0
      4 squad[333,38]                                    1                       0
      8 squad[318,37]                                    1                       0
      9 squad[318,38]                                    1                       0
     10 squad[124,34]                                    1                       0
     11 squad[124,35]                                    1                       0
     12 squad[124,36]                                    1                       0
     13 squad[124,37]                                    1                       0
     14 squad[124,38]                                    1                       0
     15 squad[335,34]                                    1                       0
     16 squad[335,35]                                    1                       0
     17 squad[335,36]                                    1                       0
     18 squad[335,37]                                    1                       0
     19 squad[335,38]                                    1                       0
     20 squad[116,34]                                    1                       0
     21 squad[116,35]                                    1                       0
     22 squad[116,36]                                    1                       0
     23 squad[116,37]                                    1                       0
     24 squad[116,38]                                    1                       0
     26 squad[283,35]                                    1                       0
     27 squad[283,36]                                    1                       0
     29 squad[283,38]                                    1                       0
     30 squad[102,34]                                    1                       0
     31 squad[102,35]                                    1                       0
     32 squad[102,36]                                    1                       0
     33 squad[102,37]                                    1                       0
     34 squad[102,38]                                    1                       0
     48 squad[301,37]                                    1                       0
     50 squad[357,34]                                    1                       0
     51 squad[357,35]                                    1                       0
     52 squad[357,36]                                    1                       0
     53 squad[357,37]                                    1                       0
     54 squad[357,38]                                    1                       0
     55 squad[332,34]                                    1                       0
     56 squad[332,35]                                    1                       0
     57 squad[332,36]                                    1                       0
     58 squad[332,37]                                    1                       0
     59 squad[332,38]                                    1                       0
     60 squad[427,34]                                    1                       0
    100 squad[175,34]                                    1                       0
    101 squad[175,35]                                    1                       0
    102 squad[175,36]                                    1                       0
    103 squad[175,37]                                    1                       0
    104 squad[175,38]                                    1                       0
    110 squad[285,34]                                    1                       0
    111 squad[285,35]                                    1                       0
    112 squad[285,36]                                    1                       0
    113 squad[285,37]                                    1                       0
    114 squad[285,38]                                    1                       0
    160 squad[594,34]                                    1                       0
    161 squad[594,35]                                    1                       0
    162 squad[594,36]                                    1                       0
    175 squad[377,34]                                    1                       0
    176 squad[377,35]                                    1                       0
    177 squad[377,36]                                    1                       0
    178 squad[377,37]                                    1                       0
    179 squad[377,38]                                    1                       0
    225 squad[312,34]                                    1                       0
    226 squad[312,35]                                    1                       0
    227 squad[312,36]                                    1                       0
    228 squad[312,37]                                    1                       0
    229 squad[312,38]                                    1                       0
    230 squad[66,34]                                     1                       0
    231 squad[66,35]                                     1                       0
    232 squad[66,36]                                     1                       0
    233 squad[66,37]                                     1                       0
    234 squad[66,38]                                     1                       0
    290 squad[303,34]                                    1                       0
   1886 squad[686,35]                                    1                       0
   1887 squad[686,36]                                    1                       0
   1888 squad[686,37]                                    1                       0
   1889 squad[686,38]                                    1                       0
   3600 lineup[333,35]                                   1                  -5.206
   3601 lineup[333,36]                                   1                  -4.862
   3602 lineup[333,37]                                   1               -7.789272
   3603 lineup[333,38]                                   1               -3.447698
   3606 lineup[318,37]                                   1                -7.31748
   3607 lineup[318,38]                                   1               -3.365405
   3608 lineup[124,35]                                   1                  -5.156
   3609 lineup[124,36]                                   1                -6.86375
   3610 lineup[124,37]                                   1                -6.23662
   3611 lineup[124,38]                                   1               -2.583624
   3612 lineup[335,35]                                   1                  -5.066
   3613 lineup[335,36]                                   1                 -4.5611
   3614 lineup[335,37]                                   1               -7.081222
   3615 lineup[335,38]                                   1                -3.06387
   3616 lineup[116,35]                                   1                  -4.967
   3617 lineup[116,36]                                   1                -6.47955
   3618 lineup[116,37]                                   1                -5.98519
   3620 lineup[283,35]                                   1                  -6.167
   3621 lineup[283,36]                                   1                 -5.2768
   3623 lineup[283,38]                                   1               -3.838895
   3624 lineup[102,35]                                   1                  -4.534
   3625 lineup[102,36]                                   1                -5.39325
   3626 lineup[102,37]                                   1               -5.806732
   3638 lineup[301,37]                                   1                -6.25685
   3640 lineup[357,35]                                   1                  -3.561
   3641 lineup[357,36]                                   1                 -7.0754
   3642 lineup[357,37]                                   1                -3.57493
   3643 lineup[357,38]                                   1               -2.539407
   3644 lineup[332,35]                                   1                  -3.663
   3645 lineup[332,36]                                   1                -3.97885
   3646 lineup[332,37]                                   1               -5.783613
   3647 lineup[332,38]                                   1               -2.627227
   3683 lineup[175,38]                                   1               -3.060799
   3688 lineup[285,35]                                   1                  -4.478
   3690 lineup[285,37]                                   1                -3.21368
   3691 lineup[285,38]                                   1               -2.874105
   3729 lineup[594,36]                                   1                  -5.185
   3741 lineup[377,36]                                   1                 -5.3788
   3782 lineup[312,37]                                   1                -4.69914
   3784 lineup[66,35]                                    1                   -3.67
   3787 lineup[66,38]                                    1               -2.376664
   5108 lineup[686,35]                                   1                  -0.313
   5109 lineup[686,36]                                   1                 -0.3247
   5111 lineup[686,38]                                   1               -0.311975
   5202 captain[333,37]                                  1               -7.789272
   5220 captain[283,35]                                  1                  -6.167
   5223 captain[283,38]                                  1               -3.838895
   5241 captain[357,36]                                  1                 -7.0754
   6800 vicecap[333,35]                                  1                 -0.5206
   6803 vicecap[333,38]                                  1                -0.34477
   6806 vicecap[318,37]                                  1               -0.731748
   6809 vicecap[124,36]                                  1               -0.686375
   8477 bench[116,38,1]                                  1               -0.494457
   8508 bench[102,38,0]                                  1               -0.072461
   8720 bench[175,35,0]                                  1                -0.11481
   8724 bench[175,36,0]                                  1               -0.120079
   8728 bench[175,37,0]                                  1               -0.092227
   8757 bench[285,36,1]                                  1                -0.73774
   8913 bench[594,35,1]                                  1                -0.76503
   8962 bench[377,35,2]                                  1                -0.15816
   8969 bench[377,37,1]                                  1               -0.568665
   8975 bench[377,38,3]                                  1                -0.00571
   9123 bench[312,35,3]                                  1               -0.007047
   9127 bench[312,36,3]                                  1               -0.007446
   9134 bench[312,38,2]                                  1                -0.11537
   9142 bench[66,36,2]                                   1               -0.192525
   9146 bench[66,37,2]                                   1               -0.152462
  14443 bench[686,37,3]                                  1               -0.000999
  14806 transfer_in[318,37]                              1               0.8287044
  14820 transfer_in[283,35]                              1               2.0872361
  14823 transfer_in[283,38]                              1               0.4022486
  14838 transfer_in[301,37]                              1               0.8086551
  16308 transfer_in[686,35]                              1               0.7169895
  16416 tr_out_first[303,35]                             1              -1.1790494
  16458 tr_out_reg[283,37]                               1              -0.8754861
  16475 tr_out_reg[301,38]                               1              -0.3715426
  16484 tr_out_reg[427,35]                               1              -1.8323065
  16566 tr_out_reg[594,37]                               1               -0.467817
  18036 itb[34]                                        4.6                       0
  18037 itb[35]                                        5.9           1.3877788e-17
  18038 itb[36]                                        5.9                       0
  18039 itb[37]                                        1.5           6.9388939e-18
  18040 itb[38]                                        0.5                       0
  18042 ft[35]                                           1                    -1.5
  18043 ft[36]                                           1                  -1.275
  18044 ft[37]                                           2                -1.08375
  18045 ft[38]                                           1               -0.921187
  18046 pt[35]                                           1                       4
  18052 aux[37]                                          1                       0
