Optimal (within gap tolerance) - objective value -322.89315800
      1 squad[308,1]                                    1                       0
      2 squad[308,2]                                    1                       0
      3 squad[308,3]                                    1                       0
      4 squad[308,4]                                    1                       0
      5 squad[308,5]                                    1                       0
      6 squad[308,6]                                    1                       0
      7 squad[308,7]                                    1                       0
      8 squad[308,8]                                    1                       0
     10 squad[355,1]                                    1                       0
     11 squad[355,2]                                    1                       0
     12 squad[355,3]                                    1                       0
     13 squad[355,4]                                    1                       0
     15 squad[355,6]                                    1                       0
     16 squad[355,7]                                    1                       0
     23 squad[500,5]                                    1                       0
     26 squad[500,8]                                    1                       0
     37 squad[373,1]                                    1                       0
     38 squad[373,2]                                    1                       0
     39 squad[373,3]                                    1                       0
     40 squad[373,4]                                    1                       0
     41 squad[373,5]                                    1                       0
     42 squad[373,6]                                    1                       0
     43 squad[373,7]                                    1                       0
     44 squad[373,8]                                    1                       0
     82 squad[108,1]                                    1                       0
     83 squad[108,2]                                    1                       0
     84 squad[108,3]                                    1                       0
     85 squad[108,4]                                    1                       0
     86 squad[108,5]                                    1                       0
     87 squad[108,6]                                    1                       0
     88 squad[108,7]                                    1                       0
     89 squad[108,8]                                    1                       0
     95 squad[430,5]                                    1                       0
     96 squad[430,6]                                    1                       0
     97 squad[430,7]                                    1                       0
     98 squad[430,8]                                    1                       0
    100 squad[143,1]                                    1                       0
    101 squad[143,2]                                    1                       0
    102 squad[143,3]                                    1                       0
    103 squad[143,4]                                    1                       0
    104 squad[143,5]                                    1                       0
    105 squad[143,6]                                    1                       0
    106 squad[143,7]                                    1                       0
    107 squad[143,8]                                    1                       0
    109 squad[134,1]                                    1                       0
    110 squad[134,2]                                    1                       0
    111 squad[134,3]                                    1                       0
    121 squad[226,4]                                    1                       0
    122 squad[226,5]                                    1                       0
    123 squad[226,6]                                    1                       0
    124 squad[226,7]                                    1                       0
    125 squad[226,8]                                    1                       0
    219 squad[206,3]                                    1                       0
    220 squad[206,4]                                    1                       0
    221 squad[206,5]                                    1                       0
    222 squad[206,6]                                    1                       0
    223 squad[206,7]                                    1                       0
    224 squad[206,8]                                    1                       0
    226 squad[307,1]                                    1                       0
    227 squad[307,2]                                    1                       0
    238 squad[368,4]                                    1                       0
    239 squad[368,5]                                    1                       0
    240 squad[368,6]                                    1                       0
    244 squad[17,1]                                     1                       0
    245 squad[17,2]                                     1                       0
    246 squad[17,3]                                     1                       0
    247 squad[17,4]                                     1                       0
    248 squad[17,5]                                     1                       0
    249 squad[17,6]                                     1                       0
    250 squad[17,7]                                     1                       0
    251 squad[17,8]                                     1                       0
    253 squad[131,1]                                    1                       0
    254 squad[131,2]                                    1                       0
    255 squad[131,3]                                    1                       0
    256 squad[131,4]                                    1                       0
    257 squad[131,5]                                    1                       0
    258 squad[131,6]                                    1                       0
    262 squad[5,1]                                      1                       0
    263 squad[5,2]                                      1                       0
    264 squad[5,3]                                      1                       0
    265 squad[5,4]                                      1                       0
    266 squad[5,5]                                      1                       0
    300 squad[195,3]                                    1                       0
    301 squad[195,4]                                    1                       0
    307 squad[230,1]                                    1                       0
    308 squad[230,2]                                    1                       0
    309 squad[230,3]                                    1                       0
    310 squad[230,4]                                    1                       0
    311 squad[230,5]                                    1                       0
    312 squad[230,6]                                    1                       0
    313 squad[230,7]                                    1                       0
    314 squad[230,8]                                    1                       0
    325 squad[398,1]                                    1                       0
    326 squad[398,2]                                    1                       0
    327 squad[398,3]                                    1                       0
    370 squad[20,1]                                     1                       0
    371 squad[20,2]                                     1                       0
    673 squad[257,7]                                    1                       0
    674 squad[257,8]                                    1                       0
    754 squad[427,7]                                    1                       0
    755 squad[427,8]                                    1                       0
    852 squad[405,6]                                    1                       0
    853 squad[405,7]                                    1                       0
    854 squad[405,8]                                    1                       0
   2494 squad[538,1]                                    1                       0
   2495 squad[538,2]                                    1                       0
   2496 squad[538,3]                                    1                       0
   2497 squad[538,4]                                    1                       0
   2498 squad[538,5]                                    1                       0
   2499 squad[538,6]                                    1                       0
   2500 squad[538,7]                                    1                       0
   2501 squad[538,8]                                    1                       0
   2620 squad[464,1]                                    1                       0
   2621 squad[464,2]                                    1                       0
   2622 squad[464,3]                                    1                       0
   2623 squad[464,4]                                    1                       0
   2624 squad[464,5]                                    1                       0
   2625 squad[464,6]                                    1                       0
   2626 squad[464,7]                                    1                       0
   2627 squad[464,8]                                    1                       0
   6358 lineup[308,1]                                   1                  -6.459
   6359 lineup[308,2]                                   1                -6.22115
   6360 lineup[308,3]                                   1               -3.896442
   6361 lineup[308,4]                                   1               -4.012079
   6362 lineup[308,5]                                   1               -3.714074
   6363 lineup[308,6]                                   1               -3.180036
   6364 lineup[308,7]                                   1               -2.485792
   6365 lineup[308,8]                                   1               -1.790423
   6366 lineup[355,1]                                   1                  -6.921
   6367 lineup[355,2]                                   1                 -4.2738
   6368 lineup[355,3]                                   1               -5.558915
   6369 lineup[355,4]                                   1               -3.956193
   6371 lineup[355,6]                                   1                -3.12546
   6372 lineup[355,7]                                   1               -2.553302
   6378 lineup[500,5]                                   1               -3.711464
   6381 lineup[500,8]                                   1               -2.262954
   6390 lineup[373,1]                                   1                  -6.053
   6391 lineup[373,2]                                   1                 -4.5662
   6392 lineup[373,3]                                   1                -4.48528
   6393 lineup[373,4]                                   1               -2.922007
   6394 lineup[373,5]                                   1                -2.65388
   6395 lineup[373,6]                                   1               -2.670219
   6396 lineup[373,7]                                   1               -2.130895
   6397 lineup[373,8]                                   1               -1.756442
   6430 lineup[108,1]                                   1                  -5.141
   6431 lineup[108,2]                                   1                 -4.1718
   6432 lineup[108,3]                                   1               -3.671745
   6433 lineup[108,4]                                   1                -3.31996
   6434 lineup[108,5]                                   1               -2.165282
   6435 lineup[108,6]                                   1               -2.330784
   6436 lineup[108,7]                                   1               -1.966458
   6437 lineup[108,8]                                   1               -1.428492
   6442 lineup[430,5]                                   1               -2.753583
   6443 lineup[430,6]                                   1               -2.581034
   6444 lineup[430,7]                                   1               -2.461655
   6445 lineup[430,8]                                   1               -1.638149
   6446 lineup[143,1]                                   1                  -5.533
   6447 lineup[143,2]                                   1                -4.47865
   6448 lineup[143,3]                                   1               -3.741105
   6449 lineup[143,4]                                   1               -2.674514
   6450 lineup[143,5]                                   1               -2.405927
   6451 lineup[143,6]                                   1               -2.404439
   6452 lineup[143,7]                                   1               -1.793346
   6453 lineup[143,8]                                   1               -1.415027
   6454 lineup[134,1]                                   1                  -5.553
   6455 lineup[134,2]                                   1                -4.29165
   6456 lineup[134,3]                                   1               -3.631285
   6465 lineup[226,4]                                   1               -3.219243
   6466 lineup[226,5]                                   1               -2.376172
   6467 lineup[226,6]                                   1               -2.234056
   6468 lineup[226,7]                                   1               -1.631926
   6469 lineup[226,8]                                   1               -1.689762
   6552 lineup[206,3]                                   1               -3.889217
   6553 lineup[206,4]                                   1               -3.165814
   6554 lineup[206,5]                                   1               -2.299438
   6557 lineup[206,8]                                   1               -1.454458
   6559 lineup[307,2]                                   1                 -4.7685
   6569 lineup[368,4]                                   1                -2.88823
   6570 lineup[368,5]                                   1               -2.074453
   6571 lineup[368,6]                                   1               -2.335221
   6574 lineup[17,1]                                    1                   -5.25
   6575 lineup[17,2]                                    1                 -3.2708
   6576 lineup[17,3]                                    1               -3.412367
   6578 lineup[17,5]                                    1                -2.14127
   6579 lineup[17,6]                                    1               -2.005104
   6580 lineup[17,7]                                    1               -1.593834
   6582 lineup[131,1]                                   1                  -5.615
   6583 lineup[131,2]                                   1                -3.79015
   6587 lineup[131,6]                                   1               -2.297062
   6590 lineup[5,1]                                     1                   -5.34
   6591 lineup[5,2]                                     1                 -3.1569
   6592 lineup[5,3]                                     1                 -3.3524
   6593 lineup[5,4]                                     1               -2.331218
   6594 lineup[5,5]                                     1               -2.107861
   6624 lineup[195,3]                                   1               -3.647902
   6625 lineup[195,4]                                   1               -2.920164
   6633 lineup[230,4]                                   1               -2.828046
   6637 lineup[230,8]                                   1               -1.522741
   6646 lineup[398,1]                                   1                  -4.855
   6647 lineup[398,2]                                   1                -3.19515
   6648 lineup[398,3]                                   1               -3.619725
   6686 lineup[20,1]                                    1                   -5.19
   6956 lineup[257,7]                                   1               -1.704716
   6957 lineup[257,8]                                   1               -1.310199
   7028 lineup[427,7]                                   1               -1.869153
   7029 lineup[427,8]                                   1               -1.139331
   7115 lineup[405,6]                                   1                -1.83694
   7116 lineup[405,7]                                   1               -1.818615
   9351 captain[308,2]                                  1                -6.22115
   9353 captain[308,4]                                  1               -4.012079
   9354 captain[308,5]                                  1               -3.714074
   9355 captain[308,6]                                  1               -3.180036
   9358 captain[355,1]                                  1                  -6.921
   9360 captain[355,3]                                  1               -5.558915
   9364 captain[355,7]                                  1               -2.553302
   9373 captain[500,8]                                  1               -2.262954
  12342 vicecap[308,1]                                  1                 -0.6459
  12348 vicecap[308,7]                                  1               -0.248579
  12349 vicecap[308,8]                                  1               -0.179042
  12353 vicecap[355,4]                                  1               -0.395619
  12355 vicecap[355,6]                                  1               -0.312546
  12362 vicecap[500,5]                                  1               -0.371146
  12376 vicecap[373,3]                                  1               -0.448528
  12543 vicecap[307,2]                                  1                -0.47685
  16123 bench[206,6,1]                                  1               -0.360972
  16127 bench[206,7,1]                                  1               -0.327735
  16135 bench[307,1,1]                                  1                 -0.8211
  16210 bench[17,4,0]                                   1               -0.072405
  16226 bench[17,8,0]                                   1               -0.028987
  16239 bench[131,3,1]                                  1               -0.687314
  16243 bench[131,4,1]                                  1               -0.429071
  16247 bench[131,5,1]                                  1               -0.359668
  16422 bench[230,1,0]                                  1                -0.12978
  16426 bench[230,2,0]                                  1               -0.086751
  16430 bench[230,3,0]                                  1               -0.078442
  16438 bench[230,5,0]                                  1               -0.055531
  16442 bench[230,6,0]                                  1               -0.058769
  16446 bench[230,7,0]                                  1               -0.038469
  16651 bench[20,2,1]                                   1               -0.634568
  18371 bench[405,8,1]                                  1               -0.233268
  24200 bench[538,1,2]                                  1                -0.05526
  24204 bench[538,2,2]                                  1               -0.045645
  24208 bench[538,3,2]                                  1               -0.036414
  24212 bench[538,4,2]                                  1               -0.040164
  24216 bench[538,5,2]                                  1               -0.026716
  24220 bench[538,6,2]                                  1               -0.022576
  24224 bench[538,7,2]                                  1               -0.024552
  24228 bench[538,8,2]                                  1               -0.016292
  24649 bench[464,1,3]                                  1               -0.002289
  24653 bench[464,2,3]                                  1               -0.002053
  24657 bench[464,3,3]                                  1                -0.00173
  24661 bench[464,4,3]                                  1               -0.001529
  24665 bench[464,5,3]                                  1               -0.001284
  24669 bench[464,6,3]                                  1               -0.000982
  24673 bench[464,7,3]                                  1               -0.000938
  24677 bench[464,8,3]                                  1               -0.000809
  27302 transfer_in[308,1]                              1                3.031275
  27310 transfer_in[355,1]                              1                3.395028
  27315 transfer_in[355,6]                              1                0.798994
  27322 transfer_in[500,5]                              1               1.0396375
  27325 transfer_in[500,8]                              1               0.2003625
  27334 transfer_in[373,1]                              1                2.061267
  27374 transfer_in[108,1]                              1                1.576263
  27386 transfer_in[430,5]                              1               0.5406115
  27390 transfer_in[143,1]                              1                1.576263
  27398 transfer_in[134,1]                              1                1.576263
  27409 transfer_in[226,4]                              1               0.7402005
  27496 transfer_in[206,3]                              1                0.825011
  27502 transfer_in[307,1]                              1                1.576263
  27513 transfer_in[368,4]                              1               0.6263235
  27518 transfer_in[17,1]                               1                 1.21251
  27526 transfer_in[131,1]                              1                 1.21251
  27534 transfer_in[5,1]                                1                 1.21251
  27568 transfer_in[195,3]                              1                0.825011
  27574 transfer_in[230,1]                              1                1.091259
  27590 transfer_in[398,1]                              1                1.333761
  27630 transfer_in[20,1]                               1                 1.21251
  27900 transfer_in[257,7]                              1                0.156987
  27972 transfer_in[427,7]                              1                 0.17443
  28059 transfer_in[405,6]                              1               0.2568195
  29518 transfer_in[538,1]                              1                1.091259
  29630 transfer_in[464,1]                              1                1.091259
  30306 tr_out_reg[355,5]                               1               -1.164394
  30309 tr_out_reg[355,8]                               1               -0.224406
  30315 tr_out_reg[500,6]                               1              -0.7133875
  30393 tr_out_reg[134,4]                               1              -0.7402005
  30496 tr_out_reg[307,3]                               1               -0.975013
  30508 tr_out_reg[368,7]                               1               -0.191873
  30524 tr_out_reg[131,7]                               1                -0.17443
  30531 tr_out_reg[5,6]                                 1               -0.285355
  30562 tr_out_reg[195,5]                               1              -0.4574405
  30585 tr_out_reg[398,4]                               1              -0.6263235
  30624 tr_out_reg[20,3]                                1                -0.75001
  33286 itb[0]                                        100                       0
  33289 itb[3]                                        0.5           1.3877788e-17
  33290 itb[4]                                        0.5                       0
  33291 itb[5]                                          1                       0
  33293 itb[7]                                          1            3.469447e-18
  33294 itb[8]                                        2.5                       0
  33296 ft[1]                                           1                    -1.5
  33297 ft[2]                                           1                  -1.275
  33298 ft[3]                                           2                -1.08375
  33299 ft[4]                                           1               -0.921187
  33300 ft[5]                                           1               -0.783009
  33301 ft[6]                                           1               -0.665558
  33302 ft[7]                                           1               -0.565724
  33303 ft[8]                                           1               -0.480866
  33307 pt[4]                                           1                  2.4565
  33308 pt[5]                                           1                2.088025
  33309 pt[6]                                           1                1.774821
  33310 pt[7]                                           1                1.508598
  33314 aux[3]                                          1                       0
