Optimal (within gap tolerance) - objective value -280.97691624
      0 squad[318,21]                                    1                       0
      1 squad[318,22]                                    1                       0
      2 squad[318,23]                                    1                       0
      3 squad[318,24]                                    1                       0
      4 squad[318,25]                                    1                       0
      5 squad[318,26]                                    1                       0
      6 squad[13,21]                                     1                       0
      7 squad[13,22]                                     1                       0
      8 squad[13,23]                                     1                       0
      9 squad[13,24]                                     1                       0
     10 squad[13,25]                                     1                       0
     11 squad[13,26]                                     1                       0
     18 squad[335,21]                                    1                       0
     19 squad[335,22]                                    1                       0
     20 squad[335,23]                                    1                       0
     21 squad[335,24]                                    1                       0
     22 squad[335,25]                                    1                       0
     23 squad[335,26]                                    1                       0
     31 squad[7,22]                                      1                       0
     32 squad[7,23]                                      1                       0
     33 squad[7,24]                                      1                       0
     34 squad[7,25]                                      1                       0
     35 squad[7,26]                                      1                       0
     36 squad[301,21]                                    1                       0
     38 squad[301,23]                                    1                       0
     48 squad[332,21]                                    1                       0
     49 squad[332,22]                                    1                       0
     50 squad[332,23]                                    1                       0
     51 squad[332,24]                                    1                       0
     52 squad[332,25]                                    1                       0
     53 squad[332,26]                                    1                       0
     61 squad[26,22]                                     1                       0
     62 squad[26,23]                                     1                       0
     63 squad[26,24]                                     1                       0
     64 squad[26,25]                                     1                       0
     65 squad[26,26]                                     1                       0
     66 squad[307,21]                                    1                       0
     67 squad[307,22]                                    1                       0
     68 squad[307,23]                                    1                       0
     69 squad[307,24]                                    1                       0
     70 squad[307,25]                                    1                       0
     71 squad[307,26]                                    1                       0
     72 squad[16,21]                                     1                       0
     78 squad[133,21]                                    1                       0
     97 squad[285,22]                                    1                       0
     98 squad[285,23]                                    1                       0
     99 squad[285,24]                                    1                       0
    100 squad[285,25]                                    1                       0
    101 squad[285,26]                                    1                       0
    120 squad[357,21]                                    1                       0
    121 squad[357,22]                                    1                       0
    122 squad[357,23]                                    1                       0
    123 squad[357,24]                                    1                       0
    124 squad[357,25]                                    1                       0
    125 squad[357,26]                                    1                       0
    145 squad[124,22]                                    1                       0
    146 squad[124,23]                                    1                       0
    147 squad[124,24]                                    1                       0
    148 squad[124,25]                                    1                       0
    149 squad[124,26]                                    1                       0
    151 squad[238,22]                                    1                       0
    152 squad[238,23]                                    1                       0
    153 squad[238,24]                                    1                       0
    154 squad[238,25]                                    1                       0
    155 squad[238,26]                                    1                       0
    181 squad[329,22]                                    1                       0
    182 squad[329,23]                                    1                       0
    183 squad[329,24]                                    1                       0
    184 squad[329,25]                                    1                       0
    185 squad[329,26]                                    1                       0
    270 squad[210,21]                                    1                       0
    330 squad[358,21]                                    1                       0
    349 squad[619,22]                                    1                       0
    350 squad[619,23]                                    1                       0
    351 squad[619,24]                                    1                       0
    352 squad[619,25]                                    1                       0
    353 squad[619,26]                                    1                       0
    378 squad[160,21]                                    1                       0
    441 squad[116,24]                                    1                       0
    442 squad[116,25]                                    1                       0
    443 squad[116,26]                                    1                       0
    528 squad[346,21]                                    1                       0
    541 squad[596,22]                                    1                       0
    542 squad[596,23]                                    1                       0
    543 squad[596,24]                                    1                       0
    544 squad[596,25]                                    1                       0
    545 squad[596,26]                                    1                       0
    888 squad[345,21]                                    1                       0
   1003 squad[233,22]                                    1                       0
   2022 squad[112,21]                                    1                       0
   5588 lineup[318,22]                                   1               -7.103205
   5589 lineup[318,23]                                   1               -10.49631
   5590 lineup[318,24]                                   1               -4.647567
   5591 lineup[318,25]                                   1               -3.863828
   5592 lineup[318,26]                                   1               -2.860323
   5593 lineup[13,22]                                    1               -5.581862
   5594 lineup[13,23]                                    1                -7.61803
   5595 lineup[13,24]                                    1               -2.928446
   5596 lineup[13,25]                                    1               -2.737317
   5597 lineup[13,26]                                    1               -2.241272
   5603 lineup[335,22]                                   1               -9.488865
   5604 lineup[335,23]                                   1               -3.693392
   5605 lineup[335,24]                                   1               -2.991747
   5606 lineup[335,25]                                   1               -3.281684
   5607 lineup[335,26]                                   1               -1.473181
   5614 lineup[7,23]                                     1               -7.911168
   5615 lineup[7,24]                                     1               -2.936518
   5616 lineup[7,25]                                     1               -2.508668
   5617 lineup[7,26]                                     1               -2.201571
   5619 lineup[301,23]                                   1               -7.800935
   5628 lineup[332,22]                                   1               -10.32166
   5629 lineup[332,23]                                   1               -3.452301
   5630 lineup[332,24]                                   1               -3.331108
   5631 lineup[332,25]                                   1               -2.593261
   5632 lineup[332,26]                                   1               -1.380452
   5639 lineup[26,23]                                    1               -5.778316
   5640 lineup[26,24]                                    1               -3.119637
   5641 lineup[26,25]                                    1               -2.032189
   5642 lineup[26,26]                                    1               -2.377413
   5644 lineup[307,23]                                   1               -6.150077
   5645 lineup[307,24]                                   1               -3.120701
   5646 lineup[307,25]                                   1               -2.435624
   5647 lineup[307,26]                                   1               -1.760095
   5669 lineup[285,23]                                   1               -4.526716
   5670 lineup[285,24]                                   1               -2.563112
   5671 lineup[285,25]                                   1               -2.683125
   5672 lineup[285,26]                                   1               -1.596435
   5688 lineup[357,22]                                   1               -5.891858
   5689 lineup[357,23]                                   1               -3.987696
   5691 lineup[357,25]                                   1               -2.094161
   5692 lineup[357,26]                                   1               -1.354262
   5708 lineup[124,22]                                   1               -5.412415
   5709 lineup[124,23]                                   1               -3.873549
   5711 lineup[124,25]                                   1               -2.496804
   5712 lineup[124,26]                                   1               -2.047839
   5713 lineup[238,22]                                   1               -6.571432
   5738 lineup[329,22]                                   1                -8.57831
   5740 lineup[329,24]                                   1               -2.469978
   5878 lineup[619,22]                                   1               -8.222997
   5955 lineup[116,24]                                   1               -3.260558
   5956 lineup[116,25]                                   1               -2.112919
   5957 lineup[116,26]                                   1               -1.724095
   6038 lineup[596,22]                                   1               -5.544637
   6040 lineup[596,24]                                   1               -4.126114
   6423 lineup[233,22]                                   1               -7.082296
   8129 captain[318,23]                                  1               -10.49631
   8130 captain[318,24]                                  1               -4.647567
   8131 captain[318,25]                                  1               -3.863828
   8132 captain[318,26]                                  1               -2.860323
   8168 captain[332,22]                                  1               -10.32166
  10683 vicecap[335,22]                                  1              -0.9488865
  10686 vicecap[335,25]                                  1              -0.3281684
  10694 vicecap[7,23]                                    1              -0.7911168
  10722 vicecap[26,26]                                   1              -0.2377413
  11120 vicecap[596,24]                                  1              -0.4126114
  13310 bench[7,22,2]                                    1              -0.2794471
  13409 bench[26,22,1]                                   1               -1.079121
  13428 bench[307,22,0]                                  1              -0.1057469
  13531 bench[285,22,3]                                  1             -0.01385622
  13617 bench[357,24,1]                                  1              -0.4934052
  13698 bench[124,24,2]                                  1              -0.1249901
  13712 bench[238,23,0]                                  1             -0.07735678
  13716 bench[238,24,0]                                  1             -0.07519521
  13720 bench[238,25,0]                                  1             -0.07234157
  13724 bench[238,26,0]                                  1             -0.04266534
  13813 bench[329,23,1]                                  1              -0.4767347
  13821 bench[329,25,1]                                  1              -0.3586523
  13826 bench[329,26,2]                                  1             -0.04781391
  14374 bench[619,23,2]                                  1               -0.132145
  14379 bench[619,24,3]                                  1            -0.004735098
  14382 bench[619,25,2]                                  1             -0.04642981
  14387 bench[619,26,3]                                  1            -0.001634493
  15015 bench[596,23,3]                                  1            -0.001380694
  15023 bench[596,25,3]                                  1            -0.001849926
  15025 bench[596,26,1]                                  1              -0.2123773
  23393 transfer_in[7,22]                                1               4.8243279
  23399 transfer_in[301,23]                              1               6.2397244
  23418 transfer_in[26,22]                               1               3.7056431
  23448 transfer_in[285,22]                              1                5.103999
  23488 transfer_in[124,22]                              1               3.5658075
  23493 transfer_in[238,22]                              1               3.1463008
  23518 transfer_in[329,22]                              1               3.3560542
  23658 transfer_in[619,22]                              1               3.4958898
  23735 transfer_in[116,24]                              1               1.8099609
  23818 transfer_in[596,22]                              1               3.2162186
  24203 transfer_in[233,22]                              1               4.0552321
  25908 tr_out_first[133,22]                             1              -3.1463008
  25918 tr_out_first[358,22]                             1              -3.1463008
  25938 tr_out_first[210,22]                             1              -4.8243279
  25973 tr_out_reg[301,22]                               1              -8.7397244
  25975 tr_out_reg[301,24]                               1              -4.1897244
  26003 tr_out_reg[16,22]                                1              -3.6357253
  26258 tr_out_reg[160,22]                               1               -5.103999
  26383 tr_out_reg[346,22]                               1              -3.1463008
  26683 tr_out_reg[345,22]                               1              -4.5446567
  26779 tr_out_reg[233,23]                               1              -2.8952321
  27628 tr_out_reg[112,22]                               1              -3.5658075
  28483 itb[21]                                        0.2                       0
  28484 itb[22]                                        7.9           5.5511151e-17
  28485 itb[23]                                        1.2                       0
  28486 itb[24]                                        8.3           2.7755576e-17
  28487 itb[25]                                        8.3           1.3877788e-17
  28488 itb[26]                                        8.3                       0
  28490 ft[22]                                           2                    -1.5
  28491 ft[23]                                           1                   -1.23
  28492 ft[24]                                           1                 -1.0086
  28493 ft[25]                                           1               -0.827052
  28494 ft[26]                                           2              -0.6781826
  28504 aux[26]                                          1                       0
  28505 use_wc[22]                                       1                       0
