Optimal (within gap tolerance) - objective value -262.02114186
      0 squad[318,21]                                    1                       0
      1 squad[318,22]                                    1                       0
      2 squad[318,23]                                    1                       0
      3 squad[318,24]                                    1                       0
      4 squad[318,25]                                    1                       0
      5 squad[318,26]                                    1                       0
      6 squad[13,21]                                     1                       0
      7 squad[13,22]                                     1                       0
      8 squad[13,23]                                     1                       0
      9 squad[13,24]                                     1                       0
     10 squad[13,25]                                     1                       0
     11 squad[13,26]                                     1                       0
     18 squad[335,21]                                    1                       0
     19 squad[335,22]                                    1                       0
     20 squad[335,23]                                    1                       0
     21 squad[335,24]                                    1                       0
     22 squad[335,25]                                    1                       0
     23 squad[335,26]                                    1                       0
     32 squad[7,23]                                      1                       0
     33 squad[7,24]                                      1                       0
     34 squad[7,25]                                      1                       0
     35 squad[7,26]                                      1                       0
     42 squad[301,21]                                    1                       0
     43 squad[301,22]                                    1                       0
     44 squad[301,23]                                    1                       0
     48 squad[332,21]                                    1                       0
     49 squad[332,22]                                    1                       0
     50 squad[332,23]                                    1                       0
     51 squad[332,24]                                    1                       0
     52 squad[332,25]                                    1                       0
     53 squad[332,26]                                    1                       0
     66 squad[16,21]                                     1                       0
     67 squad[16,22]                                     1                       0
     68 squad[16,23]                                     1                       0
     69 squad[16,24]                                     1                       0
     70 squad[16,25]                                     1                       0
     71 squad[16,26]                                     1                       0
     72 squad[307,21]                                    1                       0
     73 squad[307,22]                                    1                       0
     74 squad[307,23]                                    1                       0
     75 squad[307,24]                                    1                       0
     76 squad[307,25]                                    1                       0
     77 squad[307,26]                                    1                       0
     90 squad[133,21]                                    1                       0
     91 squad[133,22]                                    1                       0
     92 squad[133,23]                                    1                       0
     93 squad[133,24]                                    1                       0
     94 squad[133,25]                                    1                       0
     95 squad[133,26]                                    1                       0
    132 squad[357,21]                                    1                       0
    133 squad[357,22]                                    1                       0
    134 squad[357,23]                                    1                       0
    135 squad[357,24]                                    1                       0
    136 squad[357,25]                                    1                       0
    137 squad[357,26]                                    1                       0
    162 squad[210,21]                                    1                       0
    163 squad[210,22]                                    1                       0
    164 squad[210,23]                                    1                       0
    165 squad[210,24]                                    1                       0
    166 squad[210,25]                                    1                       0
    167 squad[210,26]                                    1                       0
    169 squad[593,22]                                    1                       0
    170 squad[593,23]                                    1                       0
    171 squad[593,24]                                    1                       0
    172 squad[593,25]                                    1                       0
    173 squad[593,26]                                    1                       0
    301 squad[222,22]                                    1                       0
    302 squad[222,23]                                    1                       0
    303 squad[222,24]                                    1                       0
    304 squad[222,25]                                    1                       0
    305 squad[222,26]                                    1                       0
    324 squad[358,21]                                    1                       0
    325 squad[358,22]                                    1                       0
    326 squad[358,23]                                    1                       0
    327 squad[358,24]                                    1                       0
    328 squad[358,25]                                    1                       0
    329 squad[358,26]                                    1                       0
    331 squad[619,22]                                    1                       0
    332 squad[619,23]                                    1                       0
    333 squad[619,24]                                    1                       0
    334 squad[619,25]                                    1                       0
    335 squad[619,26]                                    1                       0
    342 squad[160,21]                                    1                       0
    399 squad[116,24]                                    1                       0
    400 squad[116,25]                                    1                       0
    401 squad[116,26]                                    1                       0
    486 squad[346,21]                                    1                       0
    487 squad[346,22]                                    1                       0
    846 squad[345,21]                                    1                       0
   2022 squad[112,21]                                    1                       0
   5533 lineup[318,22]                                   1               -6.823469
   5534 lineup[318,23]                                   1               -10.85652
   5535 lineup[318,24]                                   1               -4.319233
   5536 lineup[318,25]                                   1               -3.788976
   5537 lineup[318,26]                                   1               -2.072864
   5538 lineup[13,22]                                    1               -5.891163
   5539 lineup[13,23]                                    1               -7.270076
   5540 lineup[13,24]                                    1               -2.703596
   5541 lineup[13,25]                                    1               -2.851509
   5542 lineup[13,26]                                    1               -1.965866
   5548 lineup[335,22]                                   1               -10.02853
   5549 lineup[335,23]                                   1               -4.186242
   5550 lineup[335,24]                                   1               -2.706926
   5552 lineup[335,26]                                   1               -1.542143
   5559 lineup[7,23]                                     1               -8.597754
   5560 lineup[7,24]                                     1               -3.428306
   5561 lineup[7,25]                                     1               -2.166079
   5562 lineup[7,26]                                     1                -2.27539
   5568 lineup[301,22]                                   1               -4.468144
   5569 lineup[301,23]                                   1               -8.344065
   5573 lineup[332,22]                                   1                -9.19443
   5574 lineup[332,23]                                   1               -3.195545
   5575 lineup[332,24]                                   1               -3.547783
   5577 lineup[332,26]                                   1               -1.390181
   5589 lineup[16,23]                                    1                -5.28598
   5590 lineup[16,24]                                    1               -2.453604
   5591 lineup[16,25]                                    1               -2.006216
   5592 lineup[16,26]                                    1               -2.133718
   5594 lineup[307,23]                                   1               -6.695678
   5596 lineup[307,25]                                   1               -2.521507
   5608 lineup[133,22]                                   1               -4.650173
   5610 lineup[133,24]                                   1               -3.331597
   5612 lineup[133,26]                                   1               -2.427941
   5643 lineup[357,22]                                   1               -5.217385
   5644 lineup[357,23]                                   1               -3.647451
   5645 lineup[357,24]                                   1               -2.440233
   5646 lineup[357,25]                                   1               -2.354958
   5669 lineup[210,23]                                   1               -3.203703
   5670 lineup[210,24]                                   1               -2.807698
   5671 lineup[210,25]                                   1               -2.171159
   5672 lineup[210,26]                                   1               -1.929687
   5673 lineup[593,22]                                   1               -7.696202
   5676 lineup[593,25]                                   1               -2.844587
   5677 lineup[593,26]                                   1               -1.329014
   5783 lineup[222,22]                                   1               -6.119876
   5785 lineup[222,24]                                   1               -2.608038
   5786 lineup[222,25]                                   1               -1.747544
   5787 lineup[222,26]                                   1                -1.44479
   5803 lineup[358,22]                                   1               -4.581963
   5804 lineup[358,23]                                   1               -3.479744
   5806 lineup[358,25]                                   1               -1.925141
   5808 lineup[619,22]                                   1               -7.002708
   5865 lineup[116,24]                                   1               -2.897485
   5866 lineup[116,25]                                   1               -2.191083
   5867 lineup[116,26]                                   1               -1.614449
   8049 captain[318,23]                                  1               -10.85652
   8050 captain[318,24]                                  1               -4.319233
   8051 captain[318,25]                                  1               -3.788976
   8063 captain[335,22]                                  1               -10.02853
   8127 captain[133,26]                                  1               -2.427941
  10571 vicecap[13,25]                                   1              -0.2851509
  10589 vicecap[7,23]                                    1              -0.8597754
  10592 vicecap[7,26]                                    1               -0.227539
  10603 vicecap[332,22]                                  1               -0.919443
  10605 vicecap[332,24]                                  1              -0.3547783
  13153 bench[335,25,3]                                  1            -0.002611438
  13251 bench[332,25,1]                                  1              -0.3279722
  13299 bench[16,22,1]                                   1              -0.9000738
  13318 bench[307,22,0]                                  1              -0.1056871
  13326 bench[307,24,0]                                  1             -0.08495102
  13334 bench[307,26,0]                                  1             -0.05232264
  13382 bench[133,23,0]                                  1              -0.1091573
  13390 bench[133,25,0]                                  1             -0.06883583
  13535 bench[357,26,1]                                  1              -0.2736167
  13620 bench[210,22,2]                                  1              -0.2076172
  13643 bench[593,23,1]                                  1               -0.657851
  13648 bench[593,24,2]                                  1              -0.1224047
  14085 bench[222,23,3]                                  1            -0.006569539
  14167 bench[358,24,1]                                  1              -0.4356181
  14176 bench[358,26,2]                                  1             -0.06148958
  14184 bench[619,23,2]                                  1              -0.1683238
  14189 bench[619,24,3]                                  1            -0.004190212
  14192 bench[619,25,2]                                  1             -0.08589052
  14197 bench[619,26,3]                                  1            -0.002577194
  14701 bench[346,22,3]                                  1            -0.009503458
  23164 transfer_in[7,23]                                1               3.4443279
  23278 transfer_in[593,22]                              1                3.425972
  23388 transfer_in[222,22]                              1               3.1463008
  23413 transfer_in[619,22]                              1               3.4958898
  23470 transfer_in[116,24]                              1               1.8099609
  25725 tr_out_reg[301,24]                               1              -4.1897244
  25973 tr_out_reg[160,22]                               1               -5.103999
  26094 tr_out_reg[346,23]                               1              -2.2463008
  26393 tr_out_reg[345,22]                               1              -4.5446567
  27373 tr_out_reg[112,22]                               1              -3.5658075
  28203 itb[21]                                        0.2                       0
  28204 itb[22]                                        4.7           5.5511151e-17
  28205 itb[23]                                        2.3                       0
  28206 itb[24]                                        9.4           2.7755576e-17
  28207 itb[25]                                        9.4           1.3877788e-17
  28208 itb[26]                                        9.4                       0
  28210 ft[22]                                           2                    -1.5
  28211 ft[23]                                           1                   -1.23
  28212 ft[24]                                           1                 -1.0086
  28213 ft[25]                                           1               -0.827052
  28214 ft[26]                                           2              -0.6781826
  28215 pt[22]                                           1                       4
  28224 aux[26]                                          1                       0
