Optimal (within gap tolerance) - objective value -312.38787790
      0 squad[318,23]                                    1                       0
      1 squad[318,24]                                    1                       0
      2 squad[318,25]                                    1                       0
      3 squad[318,26]                                    1                       0
      4 squad[318,27]                                    1                       0
      5 squad[318,28]                                    1                       0
      6 squad[318,29]                                    1                       0
      8 squad[283,24]                                    1                       0
      9 squad[283,25]                                    1                       0
     10 squad[283,26]                                    1                       0
     14 squad[13,23]                                     1                       0
     15 squad[13,24]                                     1                       0
     16 squad[13,25]                                     1                       0
     17 squad[13,26]                                     1                       0
     18 squad[13,27]                                     1                       0
     19 squad[13,28]                                     1                       0
     22 squad[7,24]                                      1                       0
     23 squad[7,25]                                      1                       0
     24 squad[7,26]                                      1                       0
     25 squad[7,27]                                      1                       0
     26 squad[7,28]                                      1                       0
     27 squad[7,29]                                      1                       0
     37 squad[285,25]                                    1                       0
     38 squad[285,26]                                    1                       0
     39 squad[285,27]                                    1                       0
     40 squad[285,28]                                    1                       0
     41 squad[285,29]                                    1                       0
     42 squad[133,23]                                    1                       0
     64 squad[313,24]                                    1                       0
     65 squad[313,25]                                    1                       0
     66 squad[313,26]                                    1                       0
     67 squad[313,27]                                    1                       0
     68 squad[313,28]                                    1                       0
     69 squad[313,29]                                    1                       0
     70 squad[124,23]                                    1                       0
     71 squad[124,24]                                    1                       0
     72 squad[124,25]                                    1                       0
     73 squad[124,26]                                    1                       0
     74 squad[124,27]                                    1                       0
     75 squad[124,28]                                    1                       0
     76 squad[124,29]                                    1                       0
     78 squad[284,24]                                    1                       0
     79 squad[284,25]                                    1                       0
     84 squad[16,23]                                     1                       0
     99 squad[80,24]                                     1                       0
    100 squad[80,25]                                     1                       0
    101 squad[80,26]                                     1                       0
    102 squad[80,27]                                     1                       0
    103 squad[80,28]                                     1                       0
    104 squad[80,29]                                     1                       0
    116 squad[407,27]                                    1                       0
    117 squad[407,28]                                    1                       0
    118 squad[407,29]                                    1                       0
    119 squad[357,23]                                    1                       0
    127 squad[81,24]                                     1                       0
    128 squad[81,25]                                     1                       0
    129 squad[81,26]                                     1                       0
    130 squad[81,27]                                     1                       0
    131 squad[81,28]                                     1                       0
    132 squad[81,29]                                     1                       0
    190 squad[586,24]                                    1                       0
    192 squad[586,26]                                    1                       0
    193 squad[586,27]                                    1                       0
    194 squad[586,28]                                    1                       0
    195 squad[586,29]                                    1                       0
    197 squad[182,24]                                    1                       0
    198 squad[182,25]                                    1                       0
    199 squad[182,26]                                    1                       0
    200 squad[182,27]                                    1                       0
    201 squad[182,28]                                    1                       0
    202 squad[182,29]                                    1                       0
    210 squad[333,23]                                    1                       0
    216 squad[333,29]                                    1                       0
    221 squad[107,27]                                    1                       0
    222 squad[107,28]                                    1                       0
    223 squad[107,29]                                    1                       0
    253 squad[480,24]                                    1                       0
    254 squad[480,25]                                    1                       0
    255 squad[480,26]                                    1                       0
    259 squad[307,23]                                    1                       0
    337 squad[484,24]                                    1                       0
    338 squad[484,25]                                    1                       0
    339 squad[484,26]                                    1                       0
    340 squad[484,27]                                    1                       0
    341 squad[484,28]                                    1                       0
    342 squad[484,29]                                    1                       0
    351 squad[92,24]                                     1                       0
    352 squad[92,25]                                     1                       0
    353 squad[92,26]                                     1                       0
    354 squad[92,27]                                     1                       0
    355 squad[92,28]                                     1                       0
    356 squad[92,29]                                     1                       0
    364 squad[335,23]                                    1                       0
    371 squad[210,23]                                    1                       0
    462 squad[358,23]                                    1                       0
    469 squad[11,23]                                     1                       0
    525 squad[332,23]                                    1                       0
    798 squad[346,23]                                    1                       0
   1835 squad[237,24]                                    1                       0
   1836 squad[237,25]                                    1                       0
   1837 squad[237,26]                                    1                       0
   1838 squad[237,27]                                    1                       0
   1839 squad[237,28]                                    1                       0
   1840 squad[237,29]                                    1                       0
   2065 squad[112,23]                                    1                       0
   3110 squad_fh[13,28]                                  1                       0
   3116 squad_fh[7,28]                                   1                       0
   3134 squad_fh[133,28]                                 1                       0
   3146 squad_fh[26,28]                                  1                       0
   3200 squad_fh[357,28]                                 1                       0
   3224 squad_fh[160,28]                                 1                       0
   3230 squad_fh[40,28]                                  1                       0
   3242 squad_fh[690,28]                                 1                       0
   3308 squad_fh[31,28]                                  1                       0
   3362 squad_fh[366,28]                                 1                       0
   3404 squad_fh[128,28]                                 1                       0
   3458 squad_fh[493,28]                                 1                       0
   3464 squad_fh[66,28]                                  1                       0
   3476 squad_fh[45,28]                                  1                       0
   3482 squad_fh[377,28]                                 1                       0
   5746 lineup[318,24]                                   1                   -7.08
   5747 lineup[318,25]                                   1                -5.91192
   5748 lineup[318,26]                                   1                -4.59769
   5749 lineup[318,27]                                   1               -4.175007
   5751 lineup[318,29]                                   1               -4.019017
   5752 lineup[283,24]                                   1                  -4.988
   5753 lineup[283,25]                                   1                -9.81372
   5754 lineup[283,26]                                   1               -3.592915
   5758 lineup[13,24]                                    1                  -4.998
   5759 lineup[13,25]                                    1                -8.64612
   5760 lineup[13,26]                                    1               -3.717101
   5761 lineup[13,27]                                    1               -2.979523
   5762 lineup[13,28]                                    1               -2.545118
   5764 lineup[7,24]                                     1                  -4.616
   5765 lineup[7,25]                                     1                -7.96572
   5766 lineup[7,26]                                     1               -3.487075
   5767 lineup[7,27]                                     1                -2.78808
   5768 lineup[7,28]                                     1                -2.28971
   5769 lineup[7,29]                                     1               -1.970615
   5777 lineup[285,25]                                   1                -8.31348
   5778 lineup[285,26]                                   1               -2.732789
   5779 lineup[285,27]                                   1               -2.776818
   5781 lineup[285,29]                                   1               -2.399282
   5786 lineup[133,28]                                   1               -2.593412
   5798 lineup[26,28]                                    1               -2.250876
   5800 lineup[313,24]                                   1                  -3.975
   5801 lineup[313,25]                                   1                -6.89136
   5802 lineup[313,26]                                   1               -3.266928
   5806 lineup[124,24]                                   1                  -5.447
   5808 lineup[124,26]                                   1                -3.45744
   5809 lineup[124,27]                                   1               -5.577345
   5811 lineup[124,29]                                   1               -3.587004
   5813 lineup[284,25]                                   1                -8.01276
   5830 lineup[80,24]                                    1                   -4.76
   5831 lineup[80,25]                                    1                       0
   5832 lineup[80,26]                                    1               -3.387586
   5833 lineup[80,27]                                    1               -5.400126
   5835 lineup[80,29]                                    1               -2.946303
   5845 lineup[407,27]                                   1               -4.395493
   5847 lineup[407,29]                                   1               -2.354533
   5852 lineup[357,28]                                   1               -2.448033
   5854 lineup[81,24]                                    1                  -4.649
   5856 lineup[81,26]                                    1               -3.043958
   5857 lineup[81,27]                                    1               -5.011905
   5859 lineup[81,29]                                    1               -2.500907
   5876 lineup[160,28]                                   1                -1.80329
   5882 lineup[40,28]                                    1               -1.899877
   5894 lineup[690,28]                                   1                -1.69575
   5908 lineup[586,24]                                   1                  -4.489
   5910 lineup[586,26]                                   1               -2.990333
   5911 lineup[586,27]                                   1               -4.588714
   5913 lineup[586,29]                                   1                -2.81373
   5915 lineup[182,25]                                   1                 -5.3466
   5931 lineup[333,29]                                   1               -3.420137
   5935 lineup[107,27]                                   1               -4.632574
   5937 lineup[107,29]                                   1               -2.890681
   5963 lineup[480,25]                                   1                -5.54064
   6014 lineup[366,28]                                   1                -2.14483
   6034 lineup[484,24]                                   1                  -4.062
   6035 lineup[484,25]                                   1                 -4.4268
   6046 lineup[92,24]                                    1                  -4.229
   6048 lineup[92,26]                                    1               -2.689747
   6049 lineup[92,27]                                    1               -4.319034
   6051 lineup[92,29]                                    1               -1.940085
   6056 lineup[128,28]                                   1               -1.942196
   6134 lineup[377,28]                                   1               -1.982026
   8398 captain[318,24]                                  1                   -7.08
   8400 captain[318,26]                                  1                -4.59769
   8403 captain[318,29]                                  1               -4.019017
   8405 captain[283,25]                                  1                -9.81372
   8438 captain[133,28]                                  1               -2.593412
   8461 captain[124,27]                                  1               -5.577345
  11063 vicecap[13,25]                                   1               -0.864612
  11064 vicecap[13,26]                                   1                -0.37171
  11066 vicecap[13,28]                                   1               -0.254512
  11110 vicecap[124,24]                                  1                 -0.5447
  11115 vicecap[124,29]                                  1                 -0.3587
  11137 vicecap[80,27]                                   1               -0.540013
  13931 bench[313,27,1]                                  1               -0.457419
  13940 bench[313,29,2]                                  1               -0.100521
  13949 bench[124,25,3]                                  1                       0
  13968 bench[284,24,2]                                  1                -0.20748
  14138 bench[81,25,0]                                   1                       0
  14374 bench[182,24,0]                                  1                -0.10902
  14382 bench[182,26,0]                                  1               -0.079041
  14386 bench[182,27,0]                                  1               -0.058998
  14394 bench[182,29,0]                                  1                -0.03991
  14558 bench[31,28,0]                                   1               -0.062448
  14567 bench[480,24,1]                                  1                -0.77574
  14575 bench[480,26,1]                                  1               -0.494315
  14864 bench[484,26,2]                                  1               -0.124595
  14868 bench[484,27,2]                                  1               -0.092995
  14875 bench[484,29,1]                                  1               -0.363506
  14908 bench[92,25,2]                                   1                       0
  15161 bench[493,28,3]                                  1               -0.004375
  15183 bench[66,28,1]                                   1               -0.333419
  15232 bench[45,28,2]                                   1               -0.094337
  19993 bench[237,24,3]                                  1               -0.004554
  19995 bench[237,25,1]                                  1                -0.24449
  20001 bench[237,26,3]                                  1               -0.002468
  20005 bench[237,27,3]                                  1               -0.002137
  20013 bench[237,29,3]                                  1               -0.002452
  24316 transfer_in[283,24]                              1                10.21705
  24328 transfer_in[7,24]                                1                5.676139
  24341 transfer_in[285,25]                              1               4.4594021
  24364 transfer_in[313,24]                              1               4.1354727
  24376 transfer_in[284,24]                              1               5.5139636
  24394 transfer_in[80,24]                               1               6.1626652
  24409 transfer_in[407,27]                              1               1.8708934
  24418 transfer_in[81,24]                               1               3.8111219
  24472 transfer_in[586,24]                              1               3.8111219
  24474 transfer_in[586,26]                              1               2.0815219
  24478 transfer_in[182,24]                              1               3.5678588
  24495 transfer_in[333,29]                              1               0.8280558
  24499 transfer_in[107,27]                              1               1.5389607
  24526 transfer_in[480,24]                              1               4.3787358
  24598 transfer_in[484,24]                              1               3.4867711
  24610 transfer_in[92,24]                               1               3.5678588
  25882 transfer_in[237,24]                              1               3.3245957
  26962 tr_out_first[133,24]                             1              -3.7300342
  26968 tr_out_first[357,24]                             1               -4.865262
  26974 tr_out_first[332,24]                             1              -4.1354727
  26985 tr_out_first[13,29]                              1              -0.6775002
  26992 tr_out_first[335,24]                             1               -5.676139
  26998 tr_out_first[210,24]                             1              -5.5139636
  27004 tr_out_first[11,24]                              1              -5.4328759
  27010 tr_out_first[358,24]                             1              -3.6489465
  27025 tr_out_reg[283,27]                               1              -3.8021382
  27084 tr_out_reg[284,26]                               1              -3.0115636
  27088 tr_out_reg[16,24]                                1              -4.2165604
  27179 tr_out_reg[586,25]                               1              -2.8711219
  27196 tr_out_reg[333,24]                               1              -8.0276823
  27235 tr_out_reg[480,27]                               1              -1.6294878
  27238 tr_out_reg[307,24]                               1              -4.3787358
  27700 tr_out_reg[346,24]                               1              -3.5678588
  28786 tr_out_reg[112,24]                               1              -4.1354727
  29668 itb[23]                                        4.7                       0
  29669 itb[24]                                        4.3                       0
  29670 itb[25]                                        1.7          -5.5511151e-17
  29671 itb[26]                                        3.8          -5.5511151e-17
  29672 itb[27]                                       10.5                       0
  29673 itb[28]                                       10.5                       0
  29674 itb[29]                                        8.7                       0
  29676 ft[24]                                           2                    -1.5
  29677 ft[25]                                           1                   -1.26
  29678 ft[26]                                           1                 -1.0584
  29679 ft[27]                                           1               -0.889056
  29680 ft[28]                                           1               -0.746807
  29681 ft[29]                                           1               -0.627318
  29685 pt[27]                                           1                2.370816
  29694 use_wc[24]                                       1                       0
  29710 use_fh[28]                                       1                       0
