Optimal (within gap tolerance) - objective value -208.19012900
      6 squad[355,1]                                    1                      0
      8 squad[355,3]                                    1                      0
      9 squad[355,4]                                    1                      0
     21 squad[373,1]                                    1                      0
     22 squad[373,2]                                    1                      0
     23 squad[373,3]                                    1                      0
     24 squad[373,4]                                    1                      0
     26 squad[19,1]                                     1                      0
     27 squad[19,2]                                     1                      0
     28 squad[19,3]                                     1                      0
     29 squad[19,4]                                     1                      0
     36 squad[353,1]                                    1                      0
     37 squad[353,2]                                    1                      0
     38 squad[353,3]                                    1                      0
     39 squad[353,4]                                    1                      0
     56 squad[212,1]                                    1                      0
     57 squad[212,2]                                    1                      0
     58 squad[212,3]                                    1                      0
     59 squad[212,4]                                    1                      0
     66 squad[108,1]                                    1                      0
     67 squad[108,2]                                    1                      0
     68 squad[108,3]                                    1                      0
     69 squad[108,4]                                    1                      0
     71 squad[143,1]                                    1                      0
     72 squad[143,2]                                    1                      0
     73 squad[143,3]                                    1                      0
     84 squad[226,4]                                    1                      0
     92 squad[290,2]                                    1                      0
    128 squad[195,3]                                    1                      0
    129 squad[195,4]                                    1                      0
    131 squad[307,1]                                    1                      0
    132 squad[307,2]                                    1                      0
    139 squad[368,4]                                    1                      0
    151 squad[131,1]                                    1                      0
    152 squad[131,2]                                    1                      0
    153 squad[131,3]                                    1                      0
    154 squad[131,4]                                    1                      0
    158 squad[206,3]                                    1                      0
    159 squad[206,4]                                    1                      0
    161 squad[5,1]                                      1                      0
    162 squad[5,2]                                      1                      0
    163 squad[5,3]                                      1                      0
    164 squad[5,4]                                      1                      0
    186 squad[230,1]                                    1                      0
    187 squad[230,2]                                    1                      0
    188 squad[230,3]                                    1                      0
    189 squad[230,4]                                    1                      0
    191 squad[398,1]                                    1                      0
    192 squad[398,2]                                    1                      0
    193 squad[398,3]                                    1                      0
    211 squad[148,1]                                    1                      0
    212 squad[148,2]                                    1                      0
    213 squad[148,3]                                    1                      0
    214 squad[148,4]                                    1                      0
    221 squad[20,1]                                     1                      0
    242 squad[437,2]                                    1                      0
   1381 squad[538,1]                                    1                      0
   1382 squad[538,2]                                    1                      0
   1383 squad[538,3]                                    1                      0
   1384 squad[538,4]                                    1                      0
   3361 lineup[355,1]                                   1                 -6.912
   3363 lineup[355,3]                                   1              -5.553135
   3364 lineup[355,4]                                   1              -3.951894
   3373 lineup[373,1]                                   1                 -6.053
   3374 lineup[373,2]                                   1                -4.5662
   3375 lineup[373,3]                                   1               -4.48528
   3376 lineup[373,4]                                   1              -2.921393
   3377 lineup[19,1]                                    1                 -5.985
   3378 lineup[19,2]                                    1                 -4.488
   3379 lineup[19,3]                                    1              -4.165935
   3380 lineup[19,4]                                    1               -3.18608
   3385 lineup[353,1]                                   1                 -5.395
   3386 lineup[353,2]                                   1               -3.84965
   3387 lineup[353,3]                                   1              -4.475887
   3388 lineup[353,4]                                   1              -3.282498
   3402 lineup[212,2]                                   1               -4.17435
   3403 lineup[212,3]                                   1              -4.209285
   3404 lineup[212,4]                                   1              -3.134494
   3409 lineup[108,1]                                   1                 -5.134
   3410 lineup[108,2]                                   1               -4.16755
   3411 lineup[108,3]                                   1              -3.666687
   3412 lineup[108,4]                                   1              -3.315661
   3413 lineup[143,1]                                   1                 -5.533
   3414 lineup[143,2]                                   1               -4.47865
   3415 lineup[143,3]                                   1              -3.741105
   3424 lineup[226,4]                                   1              -3.219243
   3430 lineup[290,2]                                   1                -5.1153
   3459 lineup[195,3]                                   1              -3.793848
   3460 lineup[195,4]                                   1              -3.097032
   3462 lineup[307,2]                                   1                -4.7685
   3468 lineup[368,4]                                   1               -2.88823
   3477 lineup[131,1]                                   1                 -5.615
   3478 lineup[131,2]                                   1               -3.79015
   3483 lineup[206,3]                                   1               -3.67897
   3484 lineup[206,4]                                   1               -2.98956
   3485 lineup[5,1]                                     1                 -5.338
   3508 lineup[230,4]                                   1              -2.828046
   3509 lineup[398,1]                                   1                 -4.891
   3511 lineup[398,3]                                   1              -3.646457
   3525 lineup[148,1]                                   1                 -5.165
   3526 lineup[148,2]                                   1                -3.4901
   3527 lineup[148,3]                                   1              -3.048227
   3533 lineup[20,1]                                    1                 -5.157
   3550 lineup[437,2]                                   1                -4.1123
   4853 captain[355,1]                                  1                 -6.912
   4855 captain[355,3]                                  1              -5.553135
   4856 captain[355,4]                                  1              -3.951894
   4922 captain[290,2]                                  1                -5.1153
   6357 vicecap[373,1]                                  1                -0.6053
   6359 vicecap[373,3]                                  1              -0.448528
   6396 vicecap[108,4]                                  1              -0.331566
   6446 vicecap[307,2]                                  1               -0.47685
   8010 bench[212,1,1]                                  1               -0.91518
   8251 bench[307,1,2]                                  1                -0.2346
   8323 bench[131,3,2]                                  1              -0.196375
   8327 bench[131,4,2]                                  1              -0.122592
   8351 bench[5,2,2]                                    1              -0.189414
   8354 bench[5,3,1]                                    1              -0.703701
   8358 bench[5,4,1]                                    1              -0.489556
   8425 bench[230,1,0]                                  1               -0.12978
   8429 bench[230,2,0]                                  1              -0.086751
   8433 bench[230,3,0]                                  1              -0.078442
   8446 bench[398,2,1]                                  1              -0.673659
   8517 bench[148,4,0]                                  1              -0.061167
  12252 bench[538,1,3]                                  1              -0.002763
  12256 bench[538,2,3]                                  1              -0.002282
  12260 bench[538,3,3]                                  1              -0.001821
  12264 bench[538,4,3]                                  1              -0.002008
  13805 transfer_in[355,1]                              1               2.230634
  13807 transfer_in[355,3]                              1               0.935634
  13817 transfer_in[373,1]                              1              1.3543135
  13821 transfer_in[19,1]                               1              1.3543135
  13829 transfer_in[353,1]                              1              1.1949825
  13845 transfer_in[212,1]                              1              1.1949825
  13853 transfer_in[108,1]                              1              1.0356515
  13857 transfer_in[143,1]                              1              1.0356515
  13868 transfer_in[226,4]                              1               0.199589
  13874 transfer_in[290,2]                              1               0.874648
  13903 transfer_in[195,3]                              1              0.3675705
  13905 transfer_in[307,1]                              1              1.0356515
  13912 transfer_in[368,4]                              1               0.168883
  13921 transfer_in[131,1]                              1               0.796655
  13927 transfer_in[206,3]                              1              0.3675705
  13929 transfer_in[5,1]                                1               0.796655
  13949 transfer_in[230,1]                              1              0.7169895
  13953 transfer_in[398,1]                              1              0.8763205
  13969 transfer_in[148,1]                              1              0.7169895
  13977 transfer_in[20,1]                               1               0.796655
  13994 transfer_in[437,2]                              1              0.7106515
  14905 transfer_in[538,1]                              1              0.7169895
  15298 tr_out_reg[355,2]                               1              -1.530634
  15352 tr_out_reg[143,4]                               1              -0.199589
  15367 tr_out_reg[290,3]                               1              -0.534648
  15399 tr_out_reg[307,3]                               1             -0.4344015
  15448 tr_out_reg[398,4]                               1              -0.168883
  15470 tr_out_reg[20,2]                                1              -0.546655
  15487 tr_out_reg[437,3]                               1             -0.4344015
  16785 itb[0]                                        100                      0
  16786 itb[1]                                        0.5                      0
  16787 itb[2]                                          5                      0
  16788 itb[3]                                          1                      0
  16789 itb[4]                                          1                      0
  16791 ft[1]                                           1                   -1.5
  16792 ft[2]                                           1                 -1.275
  16793 ft[3]                                           1               -1.08375
  16794 ft[4]                                           1              -0.921187
  16796 pt[2]                                           1                    3.4
  16797 pt[3]                                           2                   2.89
  16798 pt[4]                                           1                 2.4565
