Optimal (within gap tolerance) - objective value -158.59064000
      1 squad[333,37]                                    1                       0
      2 squad[333,38]                                    1                       0
      3 squad[318,36]                                    1                       0
      4 squad[318,37]                                    1                       0
      5 squad[318,38]                                    1                       0
      6 squad[335,36]                                    1                       0
      7 squad[335,37]                                    1                       0
      8 squad[335,38]                                    1                       0
      9 squad[124,36]                                    1                       0
     10 squad[124,37]                                    1                       0
     11 squad[124,38]                                    1                       0
     13 squad[332,37]                                    1                       0
     14 squad[332,38]                                    1                       0
     15 squad[283,36]                                    1                       0
     18 squad[116,36]                                    1                       0
     19 squad[116,37]                                    1                       0
     20 squad[116,38]                                    1                       0
     24 squad[303,36]                                    1                       0
     25 squad[303,37]                                    1                       0
     36 squad[102,36]                                    1                       0
     37 squad[102,37]                                    1                       0
     38 squad[102,38]                                    1                       0
     41 squad[13,38]                                     1                       0
     63 squad[312,36]                                    1                       0
     64 squad[312,37]                                    1                       0
     65 squad[312,38]                                    1                       0
     66 squad[285,36]                                    1                       0
     67 squad[285,37]                                    1                       0
     68 squad[285,38]                                    1                       0
     78 squad[357,36]                                    1                       0
     79 squad[357,37]                                    1                       0
     80 squad[357,38]                                    1                       0
     84 squad[175,36]                                    1                       0
     85 squad[175,37]                                    1                       0
     86 squad[175,38]                                    1                       0
    135 squad[66,36]                                     1                       0
    136 squad[66,37]                                     1                       0
    137 squad[66,38]                                     1                       0
    156 squad[377,36]                                    1                       0
    157 squad[377,37]                                    1                       0
    158 squad[377,38]                                    1                       0
    165 squad[594,36]                                    1                       0
    166 squad[594,37]                                    1                       0
    167 squad[594,38]                                    1                       0
    192 squad[290,36]                                    1                       0
   1800 lineup[333,37]                                   1                 -11.385
   1801 lineup[333,38]                                   1                 -4.9402
   1802 lineup[318,37]                                   1                 -10.366
   1803 lineup[318,38]                                   1                  -4.743
   1804 lineup[335,37]                                   1                   -8.84
   1805 lineup[335,38]                                   1                 -4.3605
   1806 lineup[124,37]                                   1                  -9.003
   1807 lineup[124,38]                                   1                 -3.9049
   1808 lineup[332,37]                                   1                  -8.617
   1809 lineup[332,38]                                   1                 -3.6703
   1812 lineup[116,37]                                   1                  -8.058
   1813 lineup[116,38]                                   1                 -3.4612
   1816 lineup[303,37]                                   1                  -7.582
   1824 lineup[102,37]                                   1                  -7.186
   1827 lineup[13,38]                                    1                -4.64185
   1842 lineup[312,37]                                   1                  -7.072
   1844 lineup[285,37]                                   1                  -5.069
   1845 lineup[285,38]                                   1                -4.17435
   1852 lineup[357,37]                                   1                  -4.895
   1853 lineup[357,38]                                   1                -3.64565
   1857 lineup[175,38]                                   1                -4.09275
   1891 lineup[66,38]                                    1                -3.35325
   2520 captain[333,37]                                  1                 -11.385
   2521 captain[333,38]                                  1                 -4.9402
   3242 vicecap[318,37]                                  1                 -1.0366
   3243 vicecap[318,38]                                  1                 -0.4743
   4060 bench[102,38,0]                                  1               -0.095854
   4135 bench[312,38,3]                                  1               -0.007525
   4184 bench[175,37,0]                                  1                -0.12423
   4322 bench[66,37,2]                                   1                -0.22662
   4377 bench[377,37,1]                                  1                -0.84462
   4382 bench[377,38,2]                                  1               -0.174675
   4403 bench[594,37,3]                                  1               -0.011046
   4405 bench[594,38,1]                                  1                -0.66402
   6840 transfer_in[333,37]                              1                   3.515
   6848 transfer_in[332,37]                              1                   1.924
   6867 transfer_in[13,38]                               1                   1.377
   7570 tr_out_first[283,37]                             1                  -4.773
   7573 tr_out_first[303,38]                             1                  -1.241
   7708 tr_out_reg[290,37]                               1                  -1.776
   8300 itb[36]                                        0.8                       0
   8301 itb[37]                                        3.8           2.7755576e-17
   8302 itb[38]                                          3                       0
   8304 ft[37]                                           2                    -1.5
   8305 ft[38]                                           1                  -1.275
