Optimal (within gap tolerance) - objective value -278.28441737
      0 squad[318,21]                                    1                       0
      1 squad[318,22]                                    1                       0
      2 squad[318,23]                                    1                       0
      3 squad[318,24]                                    1                       0
      4 squad[318,25]                                    1                       0
      5 squad[318,26]                                    1                       0
      7 squad[283,22]                                    1                       0
      8 squad[283,23]                                    1                       0
      9 squad[283,24]                                    1                       0
     10 squad[283,25]                                    1                       0
     11 squad[283,26]                                    1                       0
     12 squad[13,21]                                     1                       0
     13 squad[13,22]                                     1                       0
     14 squad[13,23]                                     1                       0
     15 squad[13,24]                                     1                       0
     16 squad[13,25]                                     1                       0
     17 squad[13,26]                                     1                       0
     19 squad[7,22]                                      1                       0
     20 squad[7,23]                                      1                       0
     21 squad[7,24]                                      1                       0
     22 squad[7,25]                                      1                       0
     23 squad[7,26]                                      1                       0
     30 squad[301,21]                                    1                       0
     43 squad[285,22]                                    1                       0
     44 squad[285,23]                                    1                       0
     45 squad[285,24]                                    1                       0
     46 squad[285,25]                                    1                       0
     47 squad[285,26]                                    1                       0
     54 squad[16,21]                                     1                       0
     60 squad[335,21]                                    1                       0
     61 squad[335,22]                                    1                       0
     67 squad[284,22]                                    1                       0
     68 squad[284,23]                                    1                       0
     69 squad[284,24]                                    1                       0
     70 squad[284,25]                                    1                       0
     71 squad[284,26]                                    1                       0
     78 squad[307,21]                                    1                       0
     79 squad[307,22]                                    1                       0
     80 squad[307,23]                                    1                       0
     81 squad[307,24]                                    1                       0
     82 squad[307,25]                                    1                       0
     83 squad[307,26]                                    1                       0
     86 squad[19,23]                                     1                       0
     87 squad[19,24]                                     1                       0
     88 squad[19,25]                                     1                       0
     89 squad[19,26]                                     1                       0
     90 squad[133,21]                                    1                       0
    126 squad[332,21]                                    1                       0
    127 squad[332,22]                                    1                       0
    128 squad[332,23]                                    1                       0
    129 squad[332,24]                                    1                       0
    130 squad[332,25]                                    1                       0
    131 squad[332,26]                                    1                       0
    139 squad[124,22]                                    1                       0
    140 squad[124,23]                                    1                       0
    141 squad[124,24]                                    1                       0
    142 squad[124,25]                                    1                       0
    143 squad[124,26]                                    1                       0
    145 squad[238,22]                                    1                       0
    146 squad[238,23]                                    1                       0
    147 squad[238,24]                                    1                       0
    148 squad[238,25]                                    1                       0
    149 squad[238,26]                                    1                       0
    150 squad[210,21]                                    1                       0
    229 squad[586,22]                                    1                       0
    230 squad[586,23]                                    1                       0
    231 squad[586,24]                                    1                       0
    232 squad[586,25]                                    1                       0
    233 squad[586,26]                                    1                       0
    234 squad[357,21]                                    1                       0
    301 squad[619,22]                                    1                       0
    302 squad[619,23]                                    1                       0
    303 squad[619,24]                                    1                       0
    304 squad[619,25]                                    1                       0
    305 squad[619,26]                                    1                       0
    361 squad[533,22]                                    1                       0
    362 squad[533,23]                                    1                       0
    441 squad[484,24]                                    1                       0
    442 squad[484,25]                                    1                       0
    443 squad[484,26]                                    1                       0
    450 squad[346,21]                                    1                       0
    504 squad[358,21]                                    1                       0
   1020 squad[345,21]                                    1                       0
   1237 squad[237,22]                                    1                       0
   1238 squad[237,23]                                    1                       0
   1239 squad[237,24]                                    1                       0
   1240 squad[237,25]                                    1                       0
   1241 squad[237,26]                                    1                       0
   1914 squad[112,21]                                    1                       0
   2532 squad[160,21]                                    1                       0
   5533 lineup[318,22]                                   1               -6.165658
   5534 lineup[318,23]                                   1                -11.1708
   5535 lineup[318,24]                                   1               -4.487926
   5536 lineup[318,25]                                   1                -2.76045
   5537 lineup[318,26]                                   1               -2.588347
   5538 lineup[283,22]                                   1               -6.246168
   5539 lineup[283,23]                                   1               -5.530736
   5540 lineup[283,24]                                   1               -3.304051
   5541 lineup[283,25]                                   1                -4.29912
   5542 lineup[283,26]                                   1               -2.737015
   5543 lineup[13,22]                                    1               -5.330913
   5544 lineup[13,23]                                    1               -7.143812
   5545 lineup[13,24]                                    1               -3.903566
   5546 lineup[13,25]                                    1               -2.836563
   5547 lineup[13,26]                                    1               -2.280445
   5548 lineup[7,22]                                     1               -5.237793
   5549 lineup[7,23]                                     1               -6.486547
   5550 lineup[7,24]                                     1               -3.566381
   5551 lineup[7,25]                                     1               -2.591316
   5552 lineup[7,26]                                     1               -2.930905
   5569 lineup[285,23]                                   1               -4.389417
   5571 lineup[285,25]                                   1               -3.513383
   5572 lineup[285,26]                                   1               -3.128404
   5583 lineup[335,22]                                   1               -10.81775
   5589 lineup[284,23]                                   1               -4.979735
   5590 lineup[284,24]                                   1               -2.657605
   5591 lineup[284,25]                                   1               -2.183277
   5592 lineup[284,26]                                   1               -2.067501
   5599 lineup[307,23]                                   1               -6.435623
   5600 lineup[307,24]                                   1               -2.894314
   5601 lineup[307,25]                                   1               -2.394942
   5602 lineup[307,26]                                   1               -1.850235
   5604 lineup[19,23]                                    1               -6.401767
   5605 lineup[19,24]                                    1               -2.470642
   5606 lineup[19,25]                                    1                -3.58675
   5607 lineup[19,26]                                    1               -2.358384
   5638 lineup[332,22]                                   1               -9.322198
   5639 lineup[332,23]                                   1               -3.547155
   5640 lineup[332,24]                                   1               -2.635665
   5648 lineup[124,22]                                   1               -5.044868
   5649 lineup[124,23]                                   1               -5.179224
   5650 lineup[124,24]                                   1               -3.809901
   5652 lineup[124,26]                                   1               -2.809603
   5653 lineup[238,22]                                   1               -6.698794
   5723 lineup[586,22]                                   1               -4.911505
   5724 lineup[586,23]                                   1               -3.684368
   5725 lineup[586,24]                                   1               -3.122229
   5727 lineup[586,26]                                   1               -1.847753
   5783 lineup[619,22]                                   1               -7.777117
   5786 lineup[619,25]                                   1              -0.5385361
   5833 lineup[533,22]                                   1               -8.298327
   5900 lineup[484,24]                                   1               -2.852031
   5901 lineup[484,25]                                   1               -1.762766
   5902 lineup[484,26]                                   1               -1.578126
   6566 lineup[237,25]                                   1              -0.4371827
   8049 captain[318,23]                                  1                -11.1708
   8050 captain[318,24]                                  1               -4.487926
   8056 captain[283,25]                                  1                -4.29912
   8087 captain[285,26]                                  1               -3.128404
   8098 captain[335,22]                                  1               -10.81775
  10574 vicecap[13,23]                                   1              -0.7143812
  10575 vicecap[13,24]                                   1              -0.3903566
  10582 vicecap[7,26]                                    1              -0.2930905
  10636 vicecap[19,25]                                   1               -0.358675
  10668 vicecap[332,22]                                  1              -0.9322198
  13219 bench[285,22,1]                                  1              -0.9910057
  13227 bench[285,24,1]                                  1              -0.4232354
  13300 bench[284,22,2]                                  1              -0.2809739
  13338 bench[307,22,0]                                  1              -0.1027423
  13513 bench[332,25,3]                                  1                       0
  13516 bench[332,26,2]                                  1             -0.07045696
  13551 bench[124,25,1]                                  1               -0.125067
  13562 bench[238,23,0]                                  1             -0.07578137
  13566 bench[238,24,0]                                  1             -0.07630383
  13570 bench[238,25,0]                                  1             -0.05784868
  13574 bench[238,26,0]                                  1             -0.04245567
  13852 bench[586,25,2]                                  1             -0.03087329
  14083 bench[619,23,1]                                  1              -0.6543175
  14088 bench[619,24,2]                                  1              -0.1068953
  14095 bench[619,26,1]                                  1              -0.2144198
  14284 bench[533,23,2]                                  1               -0.141996
  17201 bench[237,22,3]                                  1             0.003237009
  17205 bench[237,23,3]                                  1            -0.001067148
  17209 bench[237,24,3]                                  1            -0.003560717
  17217 bench[237,26,3]                                  1             -0.00276781
  23143 transfer_in[283,22]                              1               8.9494778
  23153 transfer_in[7,22]                                1               4.8243279
  23173 transfer_in[285,22]                              1                5.103999
  23193 transfer_in[284,22]                              1               4.7544101
  23209 transfer_in[19,23]                               1               3.3444923
  23253 transfer_in[124,22]                              1               3.5658075
  23258 transfer_in[238,22]                              1               3.1463008
  23328 transfer_in[586,22]                              1               3.1463008
  23388 transfer_in[619,22]                              1               3.4958898
  23438 transfer_in[533,22]                              1               3.1463008
  23505 transfer_in[484,24]                              1               1.4412652
  24168 transfer_in[237,22]                              1               2.8666296
  25653 tr_out_first[133,22]                             1              -3.1463008
  25658 tr_out_first[357,22]                             1              -4.1251499
  25663 tr_out_first[358,22]                             1              -3.1463008
  25679 tr_out_first[335,23]                             1              -3.4443279
  25683 tr_out_first[210,22]                             1              -4.8243279
  25688 tr_out_first[160,22]                             1               -5.103999
  25718 tr_out_reg[301,22]                               1              -8.7397244
  25738 tr_out_reg[16,22]                                1              -3.6357253
  25995 tr_out_reg[533,24]                               1              -1.5083008
  26068 tr_out_reg[346,22]                               1              -3.1463008
  26543 tr_out_reg[345,22]                               1              -4.5446567
  27288 tr_out_reg[112,22]                               1              -3.5658075
  28208 itb[21]                                        0.2                       0
  28209 itb[22]                                        1.6           5.5511151e-17
  28210 itb[23]                                        1.8                       0
  28211 itb[24]                                          2           2.7755576e-17
  28212 itb[25]                                          2           1.3877788e-17
  28213 itb[26]                                          2                       0
  28215 ft[22]                                           2                    -1.5
  28216 ft[23]                                           1                   -1.23
  28217 ft[24]                                           1                 -1.0086
  28218 ft[25]                                           1               -0.827052
  28219 ft[26]                                           2              -0.6781826
  28229 aux[26]                                          1                       0
  28230 use_wc[22]                                       1                       0
