Optimal (within gap tolerance) - objective value -282.48597740
      0 squad[318,21]                                    1                       0
      1 squad[318,22]                                    1                       0
      2 squad[318,23]                                    1                       0
      3 squad[318,24]                                    1                       0
      4 squad[318,25]                                    1                       0
      5 squad[318,26]                                    1                       0
      6 squad[13,21]                                     1                       0
      7 squad[13,22]                                     1                       0
      8 squad[13,23]                                     1                       0
      9 squad[13,24]                                     1                       0
     10 squad[13,25]                                     1                       0
     11 squad[13,26]                                     1                       0
     15 squad[283,24]                                    1                       0
     16 squad[283,25]                                    1                       0
     17 squad[283,26]                                    1                       0
     18 squad[335,21]                                    1                       0
     19 squad[335,22]                                    1                       0
     20 squad[335,23]                                    1                       0
     21 squad[335,24]                                    1                       0
     22 squad[335,25]                                    1                       0
     23 squad[335,26]                                    1                       0
     25 squad[333,22]                                    1                       0
     31 squad[7,22]                                      1                       0
     32 squad[7,23]                                      1                       0
     33 squad[7,24]                                      1                       0
     34 squad[7,25]                                      1                       0
     35 squad[7,26]                                      1                       0
     36 squad[301,21]                                    1                       0
     38 squad[301,23]                                    1                       0
     48 squad[332,21]                                    1                       0
     49 squad[332,22]                                    1                       0
     50 squad[332,23]                                    1                       0
     51 squad[332,24]                                    1                       0
     52 squad[332,25]                                    1                       0
     53 squad[332,26]                                    1                       0
     66 squad[307,21]                                    1                       0
     67 squad[307,22]                                    1                       0
     68 squad[307,23]                                    1                       0
     69 squad[307,24]                                    1                       0
     70 squad[307,25]                                    1                       0
     71 squad[307,26]                                    1                       0
     72 squad[16,21]                                     1                       0
     73 squad[16,22]                                     1                       0
     74 squad[16,23]                                     1                       0
     75 squad[16,24]                                     1                       0
     76 squad[16,25]                                     1                       0
     77 squad[16,26]                                     1                       0
     78 squad[133,21]                                    1                       0
     97 squad[285,22]                                    1                       0
     98 squad[285,23]                                    1                       0
     99 squad[285,24]                                    1                       0
    100 squad[285,25]                                    1                       0
    101 squad[285,26]                                    1                       0
    120 squad[357,21]                                    1                       0
    121 squad[357,22]                                    1                       0
    122 squad[357,23]                                    1                       0
    123 squad[357,24]                                    1                       0
    124 squad[357,25]                                    1                       0
    125 squad[357,26]                                    1                       0
    147 squad[124,24]                                    1                       0
    148 squad[124,25]                                    1                       0
    149 squad[124,26]                                    1                       0
    151 squad[238,22]                                    1                       0
    152 squad[238,23]                                    1                       0
    153 squad[238,24]                                    1                       0
    154 squad[238,25]                                    1                       0
    155 squad[238,26]                                    1                       0
    211 squad[586,22]                                    1                       0
    212 squad[586,23]                                    1                       0
    213 squad[586,24]                                    1                       0
    214 squad[586,25]                                    1                       0
    215 squad[586,26]                                    1                       0
    270 squad[210,21]                                    1                       0
    330 squad[358,21]                                    1                       0
    343 squad[225,22]                                    1                       0
    344 squad[225,23]                                    1                       0
    349 squad[619,22]                                    1                       0
    350 squad[619,23]                                    1                       0
    351 squad[619,24]                                    1                       0
    352 squad[619,25]                                    1                       0
    353 squad[619,26]                                    1                       0
    378 squad[160,21]                                    1                       0
    528 squad[346,21]                                    1                       0
    541 squad[596,22]                                    1                       0
    542 squad[596,23]                                    1                       0
    543 squad[596,24]                                    1                       0
    544 squad[596,25]                                    1                       0
    545 squad[596,26]                                    1                       0
    888 squad[345,21]                                    1                       0
   2022 squad[112,21]                                    1                       0
   5588 lineup[318,22]                                   1               -7.658017
   5589 lineup[318,23]                                   1              -10.552944
   5590 lineup[318,24]                                   1               -5.022969
   5591 lineup[318,25]                                   1               -3.090905
   5592 lineup[318,26]                                   1               -3.347971
   5593 lineup[13,22]                                    1               -5.776673
   5594 lineup[13,23]                                    1               -7.084439
   5595 lineup[13,24]                                    1               -3.238732
   5596 lineup[13,25]                                    1               -2.554071
   5597 lineup[13,26]                                    1               -1.874382
   5600 lineup[283,24]                                   1               -3.534631
   5601 lineup[283,25]                                   1               -3.635759
   5602 lineup[283,26]                                   1               -2.387107
   5603 lineup[335,22]                                   1              -12.843734
   5604 lineup[335,23]                                   1               -3.925526
   5605 lineup[335,24]                                   1               -3.204221
   5606 lineup[335,25]                                   1               -2.056624
   5607 lineup[335,26]                                   1               -1.771825
   5608 lineup[333,22]                                   1              -10.457685
   5614 lineup[7,23]                                     1               -7.071908
   5615 lineup[7,24]                                     1               -3.393035
   5616 lineup[7,25]                                     1               -2.518652
   5617 lineup[7,26]                                     1                -2.03677
   5619 lineup[301,23]                                   1               -6.884818
   5628 lineup[332,22]                                   1              -10.521926
   5629 lineup[332,23]                                   1                -3.37033
   5630 lineup[332,24]                                   1               -2.916781
   5631 lineup[332,25]                                   1               -1.808914
   5644 lineup[307,23]                                   1               -6.332628
   5645 lineup[307,24]                                   1               -2.941302
   5646 lineup[307,25]                                   1               -2.454519
   5647 lineup[307,26]                                   1               -1.840936
   5648 lineup[16,22]                                    1               -4.950072
   5649 lineup[16,23]                                    1               -6.514488
   5651 lineup[16,25]                                    1               -2.180514
   5652 lineup[16,26]                                    1               -2.199226
   5668 lineup[285,22]                                   1               -5.381019
   5669 lineup[285,23]                                   1                 -4.0353
   5671 lineup[285,25]                                   1               -3.209959
   5672 lineup[285,26]                                   1               -1.539089
   5688 lineup[357,22]                                   1               -5.416966
   5689 lineup[357,23]                                   1               -4.121361
   5690 lineup[357,24]                                   1               -2.857349
   5691 lineup[357,25]                                   1               -2.371626
   5692 lineup[357,26]                                   1               -1.755655
   5710 lineup[124,24]                                   1               -3.204335
   5711 lineup[124,25]                                   1               -1.892721
   5712 lineup[124,26]                                   1               -1.856387
   5713 lineup[238,22]                                   1                -6.82797
   5764 lineup[586,23]                                   1               -3.764209
   5765 lineup[586,24]                                   1               -3.001781
   5767 lineup[586,26]                                   1               -1.413519
   5873 lineup[225,22]                                   1               -7.840074
   5878 lineup[619,22]                                   1               -6.406982
   6040 lineup[596,24]                                   1               -3.865335
   8129 captain[318,23]                                  1              -10.552944
   8130 captain[318,24]                                  1               -5.022969
   8132 captain[318,26]                                  1               -3.347971
   8141 captain[283,25]                                  1               -3.635759
   8143 captain[335,22]                                  1              -12.843734
  10674 vicecap[13,23]                                   1               -0.708444
  10682 vicecap[283,26]                                  1               -0.238711
  10708 vicecap[332,22]                                  1               -1.052193
  10751 vicecap[285,25]                                  1               -0.320996
  11120 vicecap[596,24]                                  1               -0.386534
  13310 bench[7,22,2]                                    1               -0.266505
  13385 bench[332,26,1]                                  1               -0.294657
  13428 bench[307,22,0]                                  1                -0.10565
  13458 bench[16,24,2]                                   1               -0.125522
  13537 bench[285,24,1]                                  1               -0.541251
  13712 bench[238,23,0]                                  1               -0.079248
  13716 bench[238,24,0]                                  1               -0.073524
  13720 bench[238,25,0]                                  1               -0.065611
  13724 bench[238,26,0]                                  1               -0.044757
  13909 bench[586,22,1]                                  1               -1.032315
  13921 bench[586,25,1]                                  1               -0.294743
  14354 bench[225,23,2]                                  1               -0.148095
  14373 bench[619,23,1]                                  1               -0.622285
  14379 bench[619,24,3]                                  1               -0.006262
  14383 bench[619,25,3]                                  1               -0.002951
  14387 bench[619,26,3]                                  1               -0.003376
  15011 bench[596,22,3]                                  1               -0.010318
  15015 bench[596,23,3]                                  1               -0.005562
  15022 bench[596,25,2]                                  1               -0.069802
  15026 bench[596,26,2]                                  1               -0.069268
  23380 transfer_in[283,24]                              1               4.2902784
  23388 transfer_in[333,22]                              1               6.9218622
  23393 transfer_in[7,22]                                1               4.8243282
  23399 transfer_in[301,23]                              1                6.239725
  23448 transfer_in[285,22]                              1               5.1039994
  23490 transfer_in[124,24]                              1               1.7094078
  23493 transfer_in[238,22]                              1                3.146301
  23543 transfer_in[586,22]                              1                3.146301
  23653 transfer_in[225,22]                              1               4.4747392
  23658 transfer_in[619,22]                              1                 3.49589
  23818 transfer_in[596,22]                              1               3.2162188
  25908 tr_out_first[133,22]                             1               -3.146301
  25918 tr_out_first[358,22]                             1               -3.146301
  25938 tr_out_first[210,22]                             1              -4.8243282
  25964 tr_out_reg[333,23]                               1              -4.9418622
  25973 tr_out_reg[301,22]                               1               -8.739725
  25975 tr_out_reg[301,24]                               1               -4.189725
  26230 tr_out_reg[225,24]                               1              -2.1451392
  26258 tr_out_reg[160,22]                               1              -5.1039994
  26383 tr_out_reg[346,22]                               1               -3.146301
  26683 tr_out_reg[345,22]                               1               -4.544657
  27628 tr_out_reg[112,22]                               1              -3.5658078
  28483 itb[21]                                        0.2                       0
  28484 itb[22]                                        2.9           5.5511151e-17
  28485 itb[23]                                        0.3                       0
  28486 itb[24]                                        1.3                       0
  28487 itb[25]                                        1.3                       0
  28488 itb[26]                                        1.3                       0
  28490 ft[22]                                           2                    -1.5
  28491 ft[23]                                           1                   -1.23
  28492 ft[24]                                           1                 -1.0086
  28493 ft[25]                                           1               -0.827052
  28494 ft[26]                                           2               -0.678183
  28497 pt[24]                                           1                  2.6896
  28504 aux[26]                                          1                       0
  28505 use_wc[22]                                       1                       0
