Optimal (within gap tolerance) - objective value -237.39228400
      0 squad[333,34]                                    1                       0
      1 squad[333,35]                                    1                       0
      2 squad[333,36]                                    1                       0
      3 squad[333,37]                                    1                       0
      4 squad[333,38]                                    1                       0
      8 squad[318,37]                                    1                       0
      9 squad[318,38]                                    1                       0
     10 squad[124,34]                                    1                       0
     11 squad[124,35]                                    1                       0
     12 squad[124,36]                                    1                       0
     13 squad[124,37]                                    1                       0
     14 squad[124,38]                                    1                       0
     15 squad[335,34]                                    1                       0
     16 squad[335,35]                                    1                       0
     17 squad[335,36]                                    1                       0
     18 squad[335,37]                                    1                       0
     19 squad[335,38]                                    1                       0
     20 squad[116,34]                                    1                       0
     21 squad[116,35]                                    1                       0
     22 squad[116,36]                                    1                       0
     23 squad[116,37]                                    1                       0
     24 squad[116,38]                                    1                       0
     30 squad[102,34]                                    1                       0
     31 squad[102,35]                                    1                       0
     42 squad[107,36]                                    1                       0
     43 squad[107,37]                                    1                       0
     44 squad[107,38]                                    1                       0
     50 squad[357,34]                                    1                       0
     51 squad[357,35]                                    1                       0
     52 squad[357,36]                                    1                       0
     53 squad[357,37]                                    1                       0
     54 squad[357,38]                                    1                       0
     55 squad[332,34]                                    1                       0
     56 squad[332,35]                                    1                       0
     57 squad[332,36]                                    1                       0
     58 squad[332,37]                                    1                       0
     59 squad[332,38]                                    1                       0
     60 squad[427,34]                                    1                       0
     61 squad[427,35]                                    1                       0
     62 squad[427,36]                                    1                       0
     63 squad[427,37]                                    1                       0
     64 squad[427,38]                                    1                       0
     67 squad[133,36]                                    1                       0
     68 squad[133,37]                                    1                       0
     69 squad[133,38]                                    1                       0
    100 squad[175,34]                                    1                       0
    101 squad[175,35]                                    1                       0
    102 squad[175,36]                                    1                       0
    103 squad[175,37]                                    1                       0
    104 squad[175,38]                                    1                       0
    110 squad[285,34]                                    1                       0
    111 squad[285,35]                                    1                       0
    112 squad[285,36]                                    1                       0
    113 squad[285,37]                                    1                       0
    114 squad[285,38]                                    1                       0
    160 squad[594,34]                                    1                       0
    161 squad[594,35]                                    1                       0
    162 squad[594,36]                                    1                       0
    175 squad[377,34]                                    1                       0
    176 squad[377,35]                                    1                       0
    177 squad[377,36]                                    1                       0
    178 squad[377,37]                                    1                       0
    179 squad[377,38]                                    1                       0
    225 squad[312,34]                                    1                       0
    226 squad[312,35]                                    1                       0
    227 squad[312,36]                                    1                       0
    228 squad[312,37]                                    1                       0
    229 squad[312,38]                                    1                       0
    230 squad[66,34]                                     1                       0
    231 squad[66,35]                                     1                       0
    232 squad[66,36]                                     1                       0
    233 squad[66,37]                                     1                       0
    234 squad[66,38]                                     1                       0
    290 squad[303,34]                                    1                       0
    291 squad[303,35]                                    1                       0
   3600 lineup[333,35]                                   1                  -5.206
   3601 lineup[333,36]                                   1                  -4.862
   3602 lineup[333,37]                                   1               -7.789272
   3603 lineup[333,38]                                   1               -3.447698
   3606 lineup[318,37]                                   1                -7.31748
   3607 lineup[318,38]                                   1               -3.365405
   3608 lineup[124,35]                                   1                  -5.156
   3609 lineup[124,36]                                   1                -6.86375
   3610 lineup[124,37]                                   1                -6.23662
   3611 lineup[124,38]                                   1               -2.583624
   3612 lineup[335,35]                                   1                  -5.066
   3613 lineup[335,36]                                   1                 -4.5611
   3614 lineup[335,37]                                   1               -7.081222
   3615 lineup[335,38]                                   1                -3.06387
   3616 lineup[116,35]                                   1                  -4.967
   3617 lineup[116,36]                                   1                -6.47955
   3618 lineup[116,37]                                   1                -5.98519
   3619 lineup[116,38]                                   1               -2.354555
   3624 lineup[102,35]                                   1                  -4.534
   3633 lineup[107,36]                                   1                -6.00865
   3634 lineup[107,37]                                   1               -5.445482
   3640 lineup[357,35]                                   1                  -3.561
   3641 lineup[357,36]                                   1                 -7.0754
   3642 lineup[357,37]                                   1                -3.57493
   3643 lineup[357,38]                                   1               -2.539407
   3644 lineup[332,35]                                   1                  -3.663
   3645 lineup[332,36]                                   1                -3.97885
   3646 lineup[332,37]                                   1               -5.783613
   3647 lineup[332,38]                                   1               -2.627227
   3648 lineup[427,35]                                   1                  -5.205
   3649 lineup[427,36]                                   1                 -4.1667
   3650 lineup[427,37]                                   1                -3.77434
   3651 lineup[427,38]                                   1               -3.226613
   3653 lineup[133,36]                                   1                 -4.3095
   3654 lineup[133,37]                                   1               -4.730207
   3683 lineup[175,38]                                   1               -3.060799
   3688 lineup[285,35]                                   1                  -4.478
   3691 lineup[285,38]                                   1               -2.874105
   3728 lineup[594,35]                                   1                  -3.643
   3729 lineup[594,36]                                   1                  -5.185
   3741 lineup[377,36]                                   1                 -5.3788
   3782 lineup[312,37]                                   1                -4.69914
   3784 lineup[66,35]                                    1                   -3.67
   3787 lineup[66,38]                                    1               -2.376664
   5200 captain[333,35]                                  1                  -5.206
   5202 captain[333,37]                                  1               -7.789272
   5203 captain[333,38]                                  1               -3.447698
   5241 captain[357,36]                                  1                 -7.0754
   6806 vicecap[318,37]                                  1               -0.731748
   6807 vicecap[318,38]                                  1                -0.33654
   6809 vicecap[124,36]                                  1               -0.686375
   6848 vicecap[427,35]                                  1                 -0.5205
   8541 bench[107,38,1]                                  1               -0.463763
   8620 bench[133,38,0]                                  1               -0.068592
   8720 bench[175,35,0]                                  1                -0.11481
   8724 bench[175,36,0]                                  1               -0.120079
   8728 bench[175,37,0]                                  1               -0.092227
   8757 bench[285,36,1]                                  1                -0.73774
   8761 bench[285,37,1]                                  1               -0.674873
   8962 bench[377,35,2]                                  1                -0.15816
   8970 bench[377,37,2]                                  1               -0.162476
   8975 bench[377,38,3]                                  1                -0.00571
   9123 bench[312,35,3]                                  1               -0.007047
   9127 bench[312,36,3]                                  1               -0.007446
   9134 bench[312,38,2]                                  1                -0.11537
   9142 bench[66,36,2]                                   1               -0.192525
   9147 bench[66,37,3]                                   1               -0.007623
   9329 bench[303,35,1]                                  1                -0.65961
  14806 transfer_in[318,37]                              1                       0
  14833 transfer_in[107,36]                              1                       0
  14853 transfer_in[133,36]                              1                       0
  16417 tr_out_first[303,36]                             1                       0
  16429 tr_out_first[102,36]                             1                       0
  16566 tr_out_reg[594,37]                               1                       0
  18036 itb[34]                                        4.6                       0
  18037 itb[35]                                        4.6                       0
  18038 itb[36]                                        6.2                       0
  18039 itb[37]                                        0.8                       0
  18040 itb[38]                                        0.8                       0
  18042 ft[35]                                           1                    -1.5
  18043 ft[36]                                           2                  -1.275
  18044 ft[37]                                           1                -1.08375
  18045 ft[38]                                           1               -0.921187
  18051 aux[36]                                          1                       0
