Optimal (within gap tolerance) - objective value -280.37472264
      0 squad[318,21]                                    1                       0
      1 squad[318,22]                                    1                       0
      2 squad[318,23]                                    1                       0
      3 squad[318,24]                                    1                       0
      4 squad[318,25]                                    1                       0
      5 squad[318,26]                                    1                       0
      6 squad[13,21]                                     1                       0
     13 squad[283,22]                                    1                       0
     15 squad[283,24]                                    1                       0
     16 squad[283,25]                                    1                       0
     17 squad[283,26]                                    1                       0
     18 squad[335,21]                                    1                       0
     19 squad[335,22]                                    1                       0
     20 squad[335,23]                                    1                       0
     21 squad[335,24]                                    1                       0
     22 squad[335,25]                                    1                       0
     23 squad[335,26]                                    1                       0
     25 squad[333,22]                                    1                       0
     26 squad[333,23]                                    1                       0
     27 squad[333,24]                                    1                       0
     28 squad[333,25]                                    1                       0
     29 squad[333,26]                                    1                       0
     36 squad[301,21]                                    1                       0
     48 squad[332,21]                                    1                       0
     49 squad[332,22]                                    1                       0
     50 squad[332,23]                                    1                       0
     51 squad[332,24]                                    1                       0
     52 squad[332,25]                                    1                       0
     53 squad[332,26]                                    1                       0
     66 squad[307,21]                                    1                       0
     67 squad[307,22]                                    1                       0
     68 squad[307,23]                                    1                       0
     69 squad[307,24]                                    1                       0
     70 squad[307,25]                                    1                       0
     71 squad[307,26]                                    1                       0
     72 squad[16,21]                                     1                       0
     73 squad[16,22]                                     1                       0
     74 squad[16,23]                                     1                       0
     75 squad[16,24]                                     1                       0
     76 squad[16,25]                                     1                       0
     77 squad[16,26]                                     1                       0
     78 squad[133,21]                                    1                       0
     85 squad[313,22]                                    1                       0
     86 squad[313,23]                                    1                       0
     87 squad[313,24]                                    1                       0
     88 squad[313,25]                                    1                       0
     89 squad[313,26]                                    1                       0
     91 squad[11,22]                                     1                       0
     92 squad[11,23]                                     1                       0
     93 squad[11,24]                                     1                       0
     94 squad[11,25]                                     1                       0
     95 squad[11,26]                                     1                       0
    120 squad[357,21]                                    1                       0
    121 squad[357,22]                                    1                       0
    122 squad[357,23]                                    1                       0
    123 squad[357,24]                                    1                       0
    124 squad[357,25]                                    1                       0
    125 squad[357,26]                                    1                       0
    145 squad[124,22]                                    1                       0
    146 squad[124,23]                                    1                       0
    147 squad[124,24]                                    1                       0
    148 squad[124,25]                                    1                       0
    149 squad[124,26]                                    1                       0
    151 squad[238,22]                                    1                       0
    152 squad[238,23]                                    1                       0
    153 squad[238,24]                                    1                       0
    154 squad[238,25]                                    1                       0
    155 squad[238,26]                                    1                       0
    211 squad[586,22]                                    1                       0
    212 squad[586,23]                                    1                       0
    213 squad[586,24]                                    1                       0
    214 squad[586,25]                                    1                       0
    215 squad[586,26]                                    1                       0
    270 squad[210,21]                                    1                       0
    330 squad[358,21]                                    1                       0
    343 squad[225,22]                                    1                       0
    344 squad[225,23]                                    1                       0
    349 squad[619,22]                                    1                       0
    350 squad[619,23]                                    1                       0
    351 squad[619,24]                                    1                       0
    352 squad[619,25]                                    1                       0
    353 squad[619,26]                                    1                       0
    378 squad[160,21]                                    1                       0
    441 squad[116,24]                                    1                       0
    442 squad[116,25]                                    1                       0
    443 squad[116,26]                                    1                       0
    528 squad[346,21]                                    1                       0
    746 squad[305,23]                                    1                       0
    888 squad[345,21]                                    1                       0
   2022 squad[112,21]                                    1                       0
   5588 lineup[318,22]                                   1                -5.90156
   5589 lineup[318,23]                                   1               -13.27313
   5590 lineup[318,24]                                   1               -5.420939
   5591 lineup[318,25]                                   1                -5.15153
   5592 lineup[318,26]                                   1               -3.390933
   5598 lineup[283,22]                                   1               -6.576067
   5600 lineup[283,24]                                   1               -3.591066
   5601 lineup[283,25]                                   1               -3.509861
   5602 lineup[283,26]                                   1               -1.976288
   5603 lineup[335,22]                                   1                -10.8759
   5604 lineup[335,23]                                   1               -3.438518
   5606 lineup[335,25]                                   1               -2.762221
   5608 lineup[333,22]                                   1               -10.03146
   5609 lineup[333,23]                                   1               -3.729332
   5610 lineup[333,24]                                   1               -2.985962
   5611 lineup[333,25]                                   1               -2.458038
   5612 lineup[333,26]                                   1               -1.836449
   5628 lineup[332,22]                                   1               -9.231539
   5629 lineup[332,23]                                   1               -3.371459
   5630 lineup[332,24]                                   1               -2.842626
   5631 lineup[332,25]                                   1               -2.397474
   5632 lineup[332,26]                                   1               -1.547256
   5644 lineup[307,23]                                   1               -6.346177
   5645 lineup[307,24]                                   1               -3.047681
   5646 lineup[307,25]                                   1               -2.288147
   5647 lineup[307,26]                                   1               -1.772011
   5649 lineup[16,23]                                    1               -5.464439
   5650 lineup[16,24]                                    1               -2.777599
   5651 lineup[16,25]                                    1               -2.623891
   5652 lineup[16,26]                                    1               -2.162649
   5658 lineup[313,22]                                   1                -5.80559
   5659 lineup[313,23]                                   1               -6.319438
   5660 lineup[313,24]                                   1                -2.72174
   5662 lineup[313,26]                                   1               -2.149892
   5664 lineup[11,23]                                    1               -6.769409
   5665 lineup[11,24]                                    1               -2.514629
   5666 lineup[11,25]                                    1                -2.55058
   5667 lineup[11,26]                                    1               -1.597723
   5688 lineup[357,22]                                   1               -5.656179
   5689 lineup[357,23]                                   1               -4.533647
   5691 lineup[357,25]                                   1               -2.242842
   5710 lineup[124,24]                                   1               -2.930287
   5711 lineup[124,25]                                   1               -2.943816
   5712 lineup[124,26]                                   1               -1.599981
   5713 lineup[238,22]                                   1               -6.624906
   5763 lineup[586,22]                                   1               -5.051857
   5764 lineup[586,23]                                   1               -3.512557
   5765 lineup[586,24]                                   1               -2.874128
   5767 lineup[586,26]                                   1               -1.992006
   5873 lineup[225,22]                                   1               -7.397674
   5878 lineup[619,22]                                   1               -6.225999
   5955 lineup[116,24]                                   1               -3.387473
   5956 lineup[116,25]                                   1               -1.842345
   5957 lineup[116,26]                                   1               -1.823248
   6209 lineup[305,23]                                   1               -5.705193
   8129 captain[318,23]                                  1               -13.27313
   8130 captain[318,24]                                  1               -5.420939
   8131 captain[318,25]                                  1                -5.15153
   8132 captain[318,26]                                  1               -3.390933
   8143 captain[335,22]                                  1                -10.8759
  10680 vicecap[283,24]                                  1              -0.3591066
  10681 vicecap[283,25]                                  1              -0.3509861
  10688 vicecap[333,22]                                  1               -1.003146
  10732 vicecap[16,26]                                   1              -0.2162649
  10744 vicecap[11,23]                                   1              -0.6769409
  13277 bench[335,24,1]                                  1               -0.503894
  13285 bench[335,26,1]                                  1              -0.2918915
  13428 bench[307,22,0]                                  1              -0.1098262
  13451 bench[16,22,3]                                   1             -0.01188611
  13501 bench[313,25,1]                                  1                -0.35646
  13509 bench[11,22,1]                                   1               -1.035194
  13618 bench[357,24,2]                                  1                 -0.1337
  13626 bench[357,26,2]                                  1             -0.07483771
  13690 bench[124,22,2]                                  1              -0.2379918
  13694 bench[124,23,2]                                  1              -0.1722185
  13712 bench[238,23,0]                                  1             -0.08087855
  13716 bench[238,24,0]                                  1             -0.07490431
  13720 bench[238,25,0]                                  1             -0.06744584
  13724 bench[238,26,0]                                  1             -0.04152313
  13922 bench[586,25,2]                                  1             -0.09297878
  14355 bench[225,23,3]                                  1            -0.006190209
  14373 bench[619,23,1]                                  1              -0.6054359
  14379 bench[619,24,3]                                  1            -0.004863872
  14383 bench[619,25,3]                                  1            -0.004338664
  14387 bench[619,26,3]                                  1            -0.002615325
  23378 transfer_in[283,22]                              1               8.9494778
  23380 transfer_in[283,24]                              1               4.2902778
  23388 transfer_in[333,22]                              1               6.9218617
  23438 transfer_in[313,22]                              1               3.4958898
  23443 transfer_in[11,22]                               1               4.6844923
  23488 transfer_in[124,22]                              1               3.5658075
  23493 transfer_in[238,22]                              1               3.1463008
  23543 transfer_in[586,22]                              1               3.1463008
  23653 transfer_in[225,22]                              1               4.4747389
  23658 transfer_in[619,22]                              1               3.4958898
  23735 transfer_in[116,24]                              1               1.8099609
  23989 transfer_in[305,23]                              1               3.3944101
  25908 tr_out_first[133,22]                             1              -3.1463008
  25918 tr_out_first[358,22]                             1              -3.1463008
  25928 tr_out_first[13,22]                              1              -5.6633414
  25938 tr_out_first[210,22]                             1              -4.8243279
  25954 tr_out_reg[283,23]                               1              -6.3894778
  25973 tr_out_reg[301,22]                               1              -8.7397244
  26230 tr_out_reg[225,24]                               1              -2.1451389
  26258 tr_out_reg[160,22]                               1               -5.103999
  26383 tr_out_reg[346,22]                               1              -3.1463008
  26565 tr_out_reg[305,24]                               1              -2.2792101
  26683 tr_out_reg[345,22]                               1              -4.5446567
  27628 tr_out_reg[112,22]                               1              -3.5658075
  28483 itb[21]                                        0.2                       0
  28484 itb[22]                                        0.2           5.5511151e-17
  28485 itb[23]                                        6.2                       0
  28486 itb[24]                                        1.2           2.7755576e-17
  28487 itb[25]                                        1.2           1.3877788e-17
  28488 itb[26]                                        1.2                       0
  28490 ft[22]                                           2                    -1.5
  28491 ft[23]                                           1                   -1.23
  28492 ft[24]                                           1                 -1.0086
  28493 ft[25]                                           1               -0.827052
  28494 ft[26]                                           2              -0.6781826
  28497 pt[24]                                           1                  2.6896
  28504 aux[26]                                          1                       0
  28505 use_wc[22]                                       1                       0
