Optimal (within gap tolerance) - objective value -359.95921900
      1 squad[308,1]                                     1                       0
      2 squad[308,2]                                     1                       0
      3 squad[308,3]                                     1                       0
      4 squad[308,4]                                     1                       0
      5 squad[308,5]                                     1                       0
      6 squad[308,6]                                     1                       0
      7 squad[308,7]                                     1                       0
      8 squad[308,8]                                     1                       0
      9 squad[308,9]                                     1                       0
     10 squad[308,10]                                    1                       0
     12 squad[355,1]                                     1                       0
     13 squad[355,2]                                     1                       0
     14 squad[355,3]                                     1                       0
     15 squad[355,4]                                     1                       0
     16 squad[355,5]                                     1                       0
     17 squad[355,6]                                     1                       0
     18 squad[355,7]                                     1                       0
     19 squad[355,8]                                     1                       0
     20 squad[355,9]                                     1                       0
     21 squad[355,10]                                    1                       0
     34 squad[373,1]                                     1                       0
     35 squad[373,2]                                     1                       0
     36 squad[373,3]                                     1                       0
     37 squad[373,4]                                     1                       0
     38 squad[373,5]                                     1                       0
     39 squad[373,6]                                     1                       0
     40 squad[373,7]                                     1                       0
     41 squad[373,8]                                     1                       0
     42 squad[373,9]                                     1                       0
     43 squad[373,10]                                    1                       0
     89 squad[430,1]                                     1                       0
     90 squad[430,2]                                     1                       0
     91 squad[430,3]                                     1                       0
     92 squad[430,4]                                     1                       0
     93 squad[430,5]                                     1                       0
     94 squad[430,6]                                     1                       0
     95 squad[430,7]                                     1                       0
     96 squad[430,8]                                     1                       0
     97 squad[430,9]                                     1                       0
     98 squad[430,10]                                    1                       0
    100 squad[108,1]                                     1                       0
    101 squad[108,2]                                     1                       0
    102 squad[108,3]                                     1                       0
    103 squad[108,4]                                     1                       0
    104 squad[108,5]                                     1                       0
    105 squad[108,6]                                     1                       0
    106 squad[108,7]                                     1                       0
    107 squad[108,8]                                     1                       0
    108 squad[108,9]                                     1                       0
    109 squad[108,10]                                    1                       0
    122 squad[143,1]                                     1                       0
    123 squad[143,2]                                     1                       0
    124 squad[143,3]                                     1                       0
    125 squad[143,4]                                     1                       0
    126 squad[143,5]                                     1                       0
    127 squad[143,6]                                     1                       0
    128 squad[143,7]                                     1                       0
    129 squad[143,8]                                     1                       0
    130 squad[143,9]                                     1                       0
    131 squad[143,10]                                    1                       0
    144 squad[134,1]                                     1                       0
    145 squad[134,2]                                     1                       0
    146 squad[134,3]                                     1                       0
    147 squad[134,4]                                     1                       0
    148 squad[134,5]                                     1                       0
    149 squad[134,6]                                     1                       0
    150 squad[134,7]                                     1                       0
    151 squad[134,8]                                     1                       0
    152 squad[134,9]                                     1                       0
    153 squad[134,10]                                    1                       0
    265 squad[17,1]                                      1                       0
    266 squad[17,2]                                      1                       0
    267 squad[17,3]                                      1                       0
    268 squad[17,4]                                      1                       0
    269 squad[17,5]                                      1                       0
    270 squad[17,6]                                      1                       0
    271 squad[17,7]                                      1                       0
    272 squad[17,8]                                      1                       0
    273 squad[17,9]                                      1                       0
    274 squad[17,10]                                     1                       0
    276 squad[206,1]                                     1                       0
    277 squad[206,2]                                     1                       0
    278 squad[206,3]                                     1                       0
    279 squad[206,4]                                     1                       0
    280 squad[206,5]                                     1                       0
    281 squad[206,6]                                     1                       0
    282 squad[206,7]                                     1                       0
    283 squad[206,8]                                     1                       0
    284 squad[206,9]                                     1                       0
    285 squad[206,10]                                    1                       0
    287 squad[5,1]                                       1                       0
    288 squad[5,2]                                       1                       0
    289 squad[5,3]                                       1                       0
    290 squad[5,4]                                       1                       0
    291 squad[5,5]                                       1                       0
    292 squad[5,6]                                       1                       0
    293 squad[5,7]                                       1                       0
    294 squad[5,8]                                       1                       0
    295 squad[5,9]                                       1                       0
    296 squad[5,10]                                      1                       0
    364 squad[20,1]                                      1                       0
    365 squad[20,2]                                      1                       0
    366 squad[20,3]                                      1                       0
    367 squad[20,4]                                      1                       0
    368 squad[20,5]                                      1                       0
    369 squad[20,6]                                      1                       0
    370 squad[20,7]                                      1                       0
    371 squad[20,8]                                      1                       0
    372 squad[20,9]                                      1                       0
    373 squad[20,10]                                     1                       0
    375 squad[131,1]                                     1                       0
    376 squad[131,2]                                     1                       0
    377 squad[131,3]                                     1                       0
    378 squad[131,4]                                     1                       0
    379 squad[131,5]                                     1                       0
    380 squad[131,6]                                     1                       0
    381 squad[131,7]                                     1                       0
    382 squad[131,8]                                     1                       0
    383 squad[131,9]                                     1                       0
    384 squad[131,10]                                    1                       0
    430 squad[230,1]                                     1                       0
    431 squad[230,2]                                     1                       0
    432 squad[230,3]                                     1                       0
    433 squad[230,4]                                     1                       0
    434 squad[230,5]                                     1                       0
    435 squad[230,6]                                     1                       0
    436 squad[230,7]                                     1                       0
    437 squad[230,8]                                     1                       0
    438 squad[230,9]                                     1                       0
    439 squad[230,10]                                    1                       0
   3037 squad[538,1]                                     1                       0
   3038 squad[538,2]                                     1                       0
   3039 squad[538,3]                                     1                       0
   3040 squad[538,4]                                     1                       0
   3041 squad[538,5]                                     1                       0
   3042 squad[538,6]                                     1                       0
   3043 squad[538,7]                                     1                       0
   3044 squad[538,8]                                     1                       0
   3045 squad[538,9]                                     1                       0
   3046 squad[538,10]                                    1                       0
   3191 squad[464,1]                                     1                       0
   3192 squad[464,2]                                     1                       0
   3193 squad[464,3]                                     1                       0
   3194 squad[464,4]                                     1                       0
   3195 squad[464,5]                                     1                       0
   3196 squad[464,6]                                     1                       0
   3197 squad[464,7]                                     1                       0
   3198 squad[464,8]                                     1                       0
   3199 squad[464,9]                                     1                       0
   3200 squad[464,10]                                    1                       0
   7896 lineup[308,1]                                    1                  -6.459
   7897 lineup[308,2]                                    1                -6.22115
   7898 lineup[308,3]                                    1               -3.896442
   7899 lineup[308,4]                                    1               -4.012079
   7900 lineup[308,5]                                    1               -3.714074
   7901 lineup[308,6]                                    1               -3.180036
   7902 lineup[308,7]                                    1               -2.485792
   7903 lineup[308,8]                                    1               -1.790423
   7904 lineup[308,9]                                    1               -1.963022
   7905 lineup[308,10]                                   1               -1.710954
   7906 lineup[355,1]                                    1                  -6.912
   7907 lineup[355,2]                                    1                  -4.267
   7908 lineup[355,3]                                    1               -5.553135
   7909 lineup[355,4]                                    1               -3.951894
   7910 lineup[355,5]                                    1               -3.249489
   7911 lineup[355,6]                                    1               -3.121467
   7912 lineup[355,7]                                    1               -2.550662
   7913 lineup[355,8]                                    1               -1.552234
   7914 lineup[355,9]                                    1                 -1.3709
   7915 lineup[355,10]                                   1                -1.24193
   7926 lineup[373,1]                                    1                  -6.053
   7927 lineup[373,2]                                    1                 -4.5662
   7928 lineup[373,3]                                    1                -4.48528
   7929 lineup[373,4]                                    1               -2.922007
   7930 lineup[373,5]                                    1                -2.65388
   7931 lineup[373,6]                                    1               -2.670219
   7932 lineup[373,7]                                    1               -2.130895
   7933 lineup[373,8]                                    1               -1.756442
   7934 lineup[373,9]                                    1               -1.648023
   7935 lineup[373,10]                                   1               -1.105508
   7976 lineup[430,1]                                    1                  -4.899
   7979 lineup[430,4]                                    1               -2.537564
   7980 lineup[430,5]                                    1               -2.753583
   7981 lineup[430,6]                                    1               -2.581034
   7982 lineup[430,7]                                    1               -2.461655
   7983 lineup[430,8]                                    1               -1.638149
   7984 lineup[430,9]                                    1               -1.534939
   7985 lineup[430,10]                                   1               -1.268566
   7986 lineup[108,1]                                    1                  -5.141
   7987 lineup[108,2]                                    1                 -4.1718
   7988 lineup[108,3]                                    1               -3.671745
   7989 lineup[108,4]                                    1                -3.31996
   7990 lineup[108,5]                                    1               -2.165282
   7991 lineup[108,6]                                    1               -2.330784
   7992 lineup[108,7]                                    1               -1.966458
   7993 lineup[108,8]                                    1               -1.428492
   7994 lineup[108,9]                                    1               -1.503875
   7995 lineup[108,10]                                   1               -1.082578
   8006 lineup[143,1]                                    1                  -5.533
   8007 lineup[143,2]                                    1                -4.47865
   8008 lineup[143,3]                                    1               -3.741105
   8009 lineup[143,4]                                    1               -2.674514
   8010 lineup[143,5]                                    1               -2.405927
   8011 lineup[143,6]                                    1               -2.404439
   8012 lineup[143,7]                                    1               -1.793346
   8013 lineup[143,8]                                    1               -1.415027
   8014 lineup[143,9]                                    1               -1.115031
   8015 lineup[143,10]                                   1               -1.209272
   8026 lineup[134,1]                                    1                  -5.553
   8027 lineup[134,2]                                    1                -4.29165
   8028 lineup[134,3]                                    1               -3.631285
   8029 lineup[134,4]                                    1               -2.686797
   8030 lineup[134,5]                                    1               -2.215917
   8031 lineup[134,6]                                    1               -2.363618
   8032 lineup[134,7]                                    1               -1.672281
   8033 lineup[134,8]                                    1               -1.441956
   8034 lineup[134,9]                                    1               -1.072795
   8035 lineup[134,10]                                   1               -1.177541
   8136 lineup[17,1]                                     1                   -5.25
   8137 lineup[17,2]                                     1                 -3.2708
   8138 lineup[17,3]                                     1               -3.412367
   8140 lineup[17,5]                                     1                -2.14127
   8141 lineup[17,6]                                     1               -2.005104
   8142 lineup[17,7]                                     1               -1.593834
   8144 lineup[17,9]                                     1               -1.019115
   8145 lineup[17,10]                                    1               -1.276209
   8147 lineup[206,2]                                    1                 -3.4476
   8148 lineup[206,3]                                    1               -3.889217
   8149 lineup[206,4]                                    1               -3.165814
   8150 lineup[206,5]                                    1               -2.299438
   8152 lineup[206,7]                                    1               -1.560645
   8153 lineup[206,8]                                    1               -1.454458
   8154 lineup[206,9]                                    1               -0.906576
   8156 lineup[5,1]                                      1                   -5.34
   8157 lineup[5,2]                                      1                 -3.1569
   8158 lineup[5,3]                                      1                 -3.3524
   8159 lineup[5,4]                                      1               -2.331218
   8160 lineup[5,5]                                      1               -2.107861
   8161 lineup[5,6]                                      1               -1.994012
   8162 lineup[5,7]                                      1               -1.587045
   8163 lineup[5,8]                                      1               -0.827409
   8164 lineup[5,9]                                      1               -0.978786
   8165 lineup[5,10]                                     1               -1.298445
   8226 lineup[20,1]                                     1                   -5.19
   8227 lineup[20,2]                                     1                -3.02175
   8228 lineup[20,3]                                     1               -3.228852
   8229 lineup[20,4]                                     1               -2.207165
   8230 lineup[20,5]                                     1               -2.018598
   8231 lineup[20,6]                                     1               -1.904383
   8232 lineup[20,7]                                     1               -1.524061
   8234 lineup[20,9]                                     1               -0.932463
   8235 lineup[20,10]                                    1               -1.263702
   8236 lineup[131,1]                                    1                  -5.615
   8237 lineup[131,2]                                    1                -3.79015
   8238 lineup[131,3]                                    1               -3.272925
   8241 lineup[131,6]                                    1               -2.297062
   8243 lineup[131,8]                                    1               -1.072651
   8245 lineup[131,10]                                   1               -1.070302
   8289 lineup[230,4]                                    1               -2.828046
   8293 lineup[230,8]                                    1               -1.522741
  11657 captain[308,2]                                   1                -6.22115
  11659 captain[308,4]                                   1               -4.012079
  11660 captain[308,5]                                   1               -3.714074
  11661 captain[308,6]                                   1               -3.180036
  11663 captain[308,8]                                   1               -1.790423
  11664 captain[308,9]                                   1               -1.963022
  11665 captain[308,10]                                  1               -1.710954
  11666 captain[355,1]                                   1                  -6.912
  11668 captain[355,3]                                   1               -5.553135
  11672 captain[355,7]                                   1               -2.550662
  15416 vicecap[308,1]                                   1                 -0.6459
  15422 vicecap[308,7]                                   1               -0.248579
  15429 vicecap[355,4]                                   1               -0.395189
  15430 vicecap[355,5]                                   1               -0.324949
  15431 vicecap[355,6]                                   1               -0.312147
  15447 vicecap[373,2]                                   1                -0.45662
  15448 vicecap[373,3]                                   1               -0.448528
  15453 vicecap[373,8]                                   1               -0.175644
  15454 vicecap[373,9]                                   1               -0.164802
  15685 vicecap[5,10]                                    1               -0.129844
  19501 bench[430,2,1]                                   1                -0.60333
  19505 bench[430,3,1]                                   1               -0.673962
  20148 bench[17,4,0]                                    1               -0.072405
  20164 bench[17,8,0]                                    1               -0.028987
  20177 bench[206,1,1]                                   1                 -0.7035
  20197 bench[206,6,1]                                   1               -0.360972
  20213 bench[206,10,1]                                  1               -0.194315
  20525 bench[20,8,1]                                    1               -0.162311
  20549 bench[131,4,1]                                   1               -0.429071
  20553 bench[131,5,1]                                   1               -0.359668
  20561 bench[131,7,1]                                   1               -0.267542
  20569 bench[131,9,1]                                   1                -0.14094
  20736 bench[230,1,0]                                   1                -0.12978
  20740 bench[230,2,0]                                   1               -0.086751
  20744 bench[230,3,0]                                   1               -0.078442
  20752 bench[230,5,0]                                   1               -0.055531
  20756 bench[230,6,0]                                   1               -0.058769
  20760 bench[230,7,0]                                   1               -0.038469
  20768 bench[230,9,0]                                   1               -0.025791
  20772 bench[230,10,0]                                  1               -0.028551
  30218 bench[538,1,2]                                   1                -0.05526
  30222 bench[538,2,2]                                   1               -0.045645
  30226 bench[538,3,2]                                   1               -0.036414
  30230 bench[538,4,2]                                   1               -0.040164
  30234 bench[538,5,2]                                   1               -0.026716
  30238 bench[538,6,2]                                   1               -0.022576
  30242 bench[538,7,2]                                   1               -0.024552
  30246 bench[538,8,2]                                   1               -0.016292
  30250 bench[538,9,2]                                   1               -0.014437
  30254 bench[538,10,2]                                  1               -0.012841
  30779 bench[464,1,3]                                   1               -0.002289
  30783 bench[464,2,3]                                   1               -0.002053
  30787 bench[464,3,3]                                   1                -0.00173
  30791 bench[464,4,3]                                   1               -0.001529
  30795 bench[464,5,3]                                   1               -0.001284
  30799 bench[464,6,3]                                   1               -0.000982
  30803 bench[464,7,3]                                   1               -0.000938
  30807 bench[464,8,3]                                   1               -0.000809
  30811 bench[464,9,3]                                   1               -0.000714
  30815 bench[464,10,3]                                  1               -0.000534
  34216 transfer_in[308,1]                               1                 3.34635
  34226 transfer_in[355,1]                               1                3.747912
  34246 transfer_in[373,1]                               1                2.275518
  34296 transfer_in[430,1]                               1                1.740102
  34306 transfer_in[108,1]                               1                1.740102
  34326 transfer_in[143,1]                               1                1.740102
  34346 transfer_in[134,1]                               1                1.740102
  34456 transfer_in[17,1]                                1                 1.33854
  34466 transfer_in[206,1]                               1                1.472394
  34476 transfer_in[5,1]                                 1                 1.33854
  34546 transfer_in[20,1]                                1                 1.33854
  34556 transfer_in[131,1]                               1                 1.33854
  34606 transfer_in[230,1]                               1                1.204686
  36976 transfer_in[538,1]                               1                1.204686
  37116 transfer_in[464,1]                               1                1.204686
  41736 itb[0]                                         100          -5.5511151e-17
  41748 ft[1]                                            1                    -1.5
  41749 ft[2]                                            1                  -1.275
  41750 ft[3]                                            2                -1.08375
  41751 ft[4]                                            2               -0.921187
  41752 ft[5]                                            2               -0.783009
  41753 ft[6]                                            2               -0.665558
  41754 ft[7]                                            2               -0.565724
  41755 ft[8]                                            2               -0.480866
  41756 ft[9]                                            2               -0.408736
  41757 ft[10]                                           2               -0.347425
  41770 aux[3]                                           1                       0
  41771 aux[4]                                           1                       0
  41772 aux[5]                                           1                       0
  41773 aux[6]                                           1                       0
  41774 aux[7]                                           1                       0
  41775 aux[8]                                           1                       0
  41776 aux[9]                                           1                       0
  41777 aux[10]                                          1                       0
