Optimal (within gap tolerance) - objective value -169.56483100
      1 squad[308,1]                                    1                       0
      2 squad[308,2]                                    1                       0
      3 squad[308,3]                                    1                       0
      5 squad[355,1]                                    1                       0
      6 squad[355,2]                                    1                       0
      7 squad[355,3]                                    1                       0
     17 squad[373,1]                                    1                       0
     18 squad[373,2]                                    1                       0
     19 squad[373,3]                                    1                       0
     45 squad[212,1]                                    1                       0
     46 squad[212,2]                                    1                       0
     47 squad[212,3]                                    1                       0
     53 squad[108,1]                                    1                       0
     54 squad[108,2]                                    1                       0
     55 squad[108,3]                                    1                       0
     57 squad[143,1]                                    1                       0
     58 squad[143,2]                                    1                       0
     59 squad[143,3]                                    1                       0
     61 squad[134,1]                                    1                       0
     62 squad[134,2]                                    1                       0
     63 squad[134,3]                                    1                       0
    113 squad[17,1]                                     1                       0
    114 squad[17,2]                                     1                       0
    115 squad[17,3]                                     1                       0
    121 squad[131,1]                                    1                       0
    122 squad[131,2]                                    1                       0
    123 squad[131,3]                                    1                       0
    153 squad[398,1]                                    1                       0
    154 squad[398,2]                                    1                       0
    155 squad[398,3]                                    1                       0
    565 squad[346,1]                                    1                       0
    566 squad[346,2]                                    1                       0
    567 squad[346,3]                                    1                       0
    753 squad[474,1]                                    1                       0
    754 squad[474,2]                                    1                       0
    755 squad[474,3]                                    1                       0
   1105 squad[538,1]                                    1                       0
   1106 squad[538,2]                                    1                       0
   1107 squad[538,3]                                    1                       0
   1269 squad[241,1]                                    1                       0
   1270 squad[241,2]                                    1                       0
   1271 squad[241,3]                                    1                       0
   1405 squad[524,1]                                    1                       0
   1406 squad[524,2]                                    1                       0
   1407 squad[524,3]                                    1                       0
   2611 lineup[308,1]                                   1                  -6.446
   2612 lineup[308,2]                                   1                -6.20755
   2613 lineup[308,3]                                   1                -3.88994
   2614 lineup[355,1]                                   1                  -6.912
   2615 lineup[355,2]                                   1                  -4.267
   2616 lineup[355,3]                                   1               -5.553135
   2623 lineup[373,1]                                   1                  -6.053
   2624 lineup[373,2]                                   1                 -4.5662
   2625 lineup[373,3]                                   1                -4.48528
   2644 lineup[212,1]                                   1                  -4.358
   2645 lineup[212,2]                                   1                -4.17435
   2646 lineup[212,3]                                   1               -4.209285
   2650 lineup[108,1]                                   1                  -5.134
   2651 lineup[108,2]                                   1                -4.16755
   2652 lineup[108,3]                                   1               -3.666687
   2653 lineup[143,1]                                   1                  -5.533
   2654 lineup[143,2]                                   1                -4.47865
   2655 lineup[143,3]                                   1               -3.741105
   2656 lineup[134,1]                                   1                  -5.545
   2657 lineup[134,2]                                   1                -4.28655
   2658 lineup[134,3]                                   1               -3.626227
   2695 lineup[17,1]                                    1                  -5.246
   2696 lineup[17,2]                                    1                -3.26995
   2697 lineup[17,3]                                    1                 -3.4102
   2701 lineup[131,1]                                   1                  -5.615
   2702 lineup[131,2]                                   1                -3.79015
   2703 lineup[131,3]                                   1               -3.272925
   2725 lineup[398,1]                                   1                  -4.891
   2726 lineup[398,2]                                   1                 -3.2079
   2727 lineup[398,3]                                   1               -3.646457
   3034 lineup[346,1]                                   1                  -3.071
   3035 lineup[346,2]                                   1                 -2.0944
   3564 lineup[241,3]                                   1                -0.44795
   3731 captain[308,2]                                  1                -6.20755
   3733 captain[355,1]                                  1                  -6.912
   3735 captain[355,3]                                  1               -5.553135
   4849 vicecap[308,1]                                  1                 -0.6446
   4862 vicecap[373,2]                                  1                -0.45662
   4863 vicecap[373,3]                                  1               -0.448528
   7669 bench[346,3,1]                                  1               -0.486582
   8226 bench[474,1,2]                                  1                 -0.1578
   8230 bench[474,2,2]                                  1               -0.138159
   8234 bench[474,3,2]                                  1               -0.065502
   9283 bench[538,1,3]                                  1               -0.002763
   9287 bench[538,2,3]                                  1               -0.002282
   9291 bench[538,3,3]                                  1               -0.001821
   9773 bench[241,1,1]                                  1                -0.14469
   9777 bench[241,2,1]                                  1               -0.107278
  10180 bench[524,1,0]                                  1                -0.01206
  10184 bench[524,2,0]                                  1               -0.009869
  10188 bench[524,3,0]                                  1               -0.007651
  10444 transfer_in[308,1]                              1               1.6078125
  10447 transfer_in[355,1]                              1                 1.80075
  10456 transfer_in[373,1]                              1               1.0933125
  10477 transfer_in[212,1]                              1               0.9646875
  10483 transfer_in[108,1]                              1               0.8360625
  10486 transfer_in[143,1]                              1               0.8360625
  10489 transfer_in[134,1]                              1               0.8360625
  10528 transfer_in[17,1]                               1                0.643125
  10534 transfer_in[131,1]                              1                0.643125
  10558 transfer_in[398,1]                              1               0.7074375
  10867 transfer_in[346,1]                              1                 0.77175
  11008 transfer_in[474,1]                              1                  0.5145
  11272 transfer_in[538,1]                              1               0.5788125
  11395 transfer_in[241,1]                              1                  0.5145
  11497 transfer_in[524,1]                              1                  0.5145
  12682 itb[0]                                        100                       0
  12687 ft[1]                                           1                    -1.5
  12688 ft[2]                                           1                  -1.275
  12689 ft[3]                                           2                -1.08375
  12695 aux[3]                                          1                       0
