Optimal (within gap tolerance) - objective value -156.12271600
      0 squad[333,36]                                    1                       0
      1 squad[333,37]                                    1                       0
      2 squad[333,38]                                    1                       0
      3 squad[318,36]                                    1                       0
      4 squad[318,37]                                    1                       0
      5 squad[318,38]                                    1                       0
      6 squad[332,36]                                    1                       0
      7 squad[332,37]                                    1                       0
      8 squad[332,38]                                    1                       0
      9 squad[116,36]                                    1                       0
     10 squad[116,37]                                    1                       0
     11 squad[116,38]                                    1                       0
     12 squad[124,36]                                    1                       0
     13 squad[124,37]                                    1                       0
     14 squad[124,38]                                    1                       0
     15 squad[283,36]                                    1                       0
     16 squad[283,37]                                    1                       0
     17 squad[283,38]                                    1                       0
     27 squad[307,36]                                    1                       0
     28 squad[307,37]                                    1                       0
     31 squad[329,37]                                    1                       0
     32 squad[329,38]                                    1                       0
     48 squad[312,36]                                    1                       0
     49 squad[312,37]                                    1                       0
     50 squad[312,38]                                    1                       0
     54 squad[104,36]                                    1                       0
     55 squad[104,37]                                    1                       0
     56 squad[104,38]                                    1                       0
     72 squad[357,36]                                    1                       0
     73 squad[357,37]                                    1                       0
     77 squad[175,38]                                    1                       0
    113 squad[10,38]                                     1                       0
    132 squad[40,36]                                     1                       0
    133 squad[40,37]                                     1                       0
    134 squad[40,38]                                     1                       0
    147 squad[66,36]                                     1                       0
    148 squad[66,37]                                     1                       0
    149 squad[66,38]                                     1                       0
    171 squad[377,36]                                    1                       0
    172 squad[377,37]                                    1                       0
    173 squad[377,38]                                    1                       0
    276 squad[358,36]                                    1                       0
    402 squad[133,36]                                    1                       0
    403 squad[133,37]                                    1                       0
    404 squad[133,38]                                    1                       0
   1815 lineup[333,37]                                   1                 -11.389
   1816 lineup[333,38]                                   1                -4.93595
   1817 lineup[318,37]                                   1                  -9.785
   1818 lineup[318,38]                                   1                 -4.3741
   1819 lineup[332,37]                                   1                  -8.615
   1820 lineup[332,38]                                   1                -3.69155
   1821 lineup[116,37]                                   1                  -8.658
   1822 lineup[116,38]                                   1                -3.60655
   1823 lineup[124,37]                                   1                  -8.709
   1824 lineup[124,38]                                   1                 -3.4374
   1825 lineup[283,37]                                   1                   -6.13
   1826 lineup[283,38]                                   1                -5.34225
   1833 lineup[307,37]                                   1                   -7.52
   1835 lineup[329,37]                                   1                  -7.349
   1836 lineup[329,38]                                   1                -3.13395
   1847 lineup[312,37]                                   1                  -6.916
   1851 lineup[104,37]                                   1                  -6.785
   1863 lineup[357,37]                                   1                  -4.833
   1866 lineup[175,38]                                   1                -4.09955
   1890 lineup[10,38]                                    1                 -3.8573
   1904 lineup[40,38]                                    1                -3.41785
   1914 lineup[66,38]                                    1                  -3.349
   2541 captain[333,37]                                  1                 -11.389
   2552 captain[283,38]                                  1                -5.34225
   3268 vicecap[333,38]                                  1               -0.493595
   3269 vicecap[318,37]                                  1                 -0.9785
   4128 bench[312,38,3]                                  1               -0.008237
   4143 bench[104,38,2]                                  1               -0.166413
   4347 bench[40,37,2]                                   1                -0.22944
   4388 bench[66,37,3]                                   1               -0.011328
   4450 bench[377,37,1]                                  1                -0.84063
   4454 bench[377,38,1]                                  1               -0.613326
   5065 bench[133,37,0]                                  1                  -0.102
   5069 bench[133,38,0]                                  1               -0.049547
   6917 transfer_in[329,37]                              1                   1.776
   6948 transfer_in[175,38]                              1                   0.748
   6972 transfer_in[10,38]                               1                    0.85
   7624 tr_out_first[357,38]                             1                   -1.02
   7654 tr_out_reg[307,38]                               1                  -0.918
   7819 tr_out_reg[358,37]                               1                  -1.665
   8361 itb[36]                                        0.5                       0
   8362 itb[37]                                        0.2           2.7755576e-17
   8363 itb[38]                                        2.2                       0
   8365 ft[37]                                           2                    -1.5
   8366 ft[38]                                           2                  -1.275
   8370 aux[38]                                          1                       0
