Stopped on iterations - objective value -326.35571690
      0 squad[308,5]                                     1                      0
      1 squad[308,6]                                     1                      0
      2 squad[308,7]                                     1                      0
      5 squad[308,10]                                    1                      0
      6 squad[308,11]                                    1                      0
      7 squad[308,12]                                    1                      0
      8 squad[355,5]                                     1                      0
      9 squad[355,6]                                     1                      0
     10 squad[355,7]                                     1                      0
     11 squad[355,8]                                     1                      0
     12 squad[355,9]                                     1                      0
     13 squad[355,10]                                    1                      0
     14 squad[355,11]                                    1                      0
     19 squad[516,8]                                     1                      0
     20 squad[516,9]                                     1                      0
     23 squad[516,12]                                    1                      0
     24 squad[19,5]                                      1                      0
     25 squad[19,6]                                      1                      0
     26 squad[19,7]                                      1                      0
     27 squad[19,8]                                      1                      0
     28 squad[19,9]                                      1                      0
     29 squad[19,10]                                     1                      0
     30 squad[19,11]                                     1                      0
     31 squad[19,12]                                     1                      0
     32 squad[108,5]                                     1                      0
     33 squad[108,6]                                     1                      0
     34 squad[108,7]                                     1                      0
     35 squad[108,8]                                     1                      0
     36 squad[108,9]                                     1                      0
     45 squad[526,10]                                    1                      0
     46 squad[526,11]                                    1                      0
     47 squad[526,12]                                    1                      0
     51 squad[504,8]                                     1                      0
     52 squad[504,9]                                     1                      0
     56 squad[373,5]                                     1                      0
     57 squad[373,6]                                     1                      0
     58 squad[373,7]                                     1                      0
     59 squad[373,8]                                     1                      0
     60 squad[373,9]                                     1                      0
     69 squad[140,10]                                    1                      0
     70 squad[140,11]                                    1                      0
     71 squad[140,12]                                    1                      0
     85 squad[599,10]                                    1                      0
     86 squad[599,11]                                    1                      0
    104 squad[131,5]                                     1                      0
    105 squad[131,6]                                     1                      0
    106 squad[131,7]                                     1                      0
    107 squad[131,8]                                     1                      0
    108 squad[131,9]                                     1                      0
    109 squad[131,10]                                    1                      0
    110 squad[131,11]                                    1                      0
    111 squad[131,12]                                    1                      0
    133 squad[225,10]                                    1                      0
    134 squad[225,11]                                    1                      0
    135 squad[225,12]                                    1                      0
    136 squad[143,5]                                     1                      0
    137 squad[143,6]                                     1                      0
    138 squad[143,7]                                     1                      0
    167 squad[132,12]                                    1                      0
    213 squad[36,10]                                     1                      0
    214 squad[36,11]                                     1                      0
    215 squad[36,12]                                     1                      0
    221 squad[220,10]                                    1                      0
    222 squad[220,11]                                    1                      0
    223 squad[220,12]                                    1                      0
    244 squad[119,9]                                     1                      0
    256 squad[511,5]                                     1                      0
    257 squad[511,6]                                     1                      0
    258 squad[511,7]                                     1                      0
    259 squad[511,8]                                     1                      0
    260 squad[511,9]                                     1                      0
    285 squad[291,10]                                    1                      0
    286 squad[291,11]                                    1                      0
    287 squad[291,12]                                    1                      0
    405 squad[524,10]                                    1                      0
    406 squad[524,11]                                    1                      0
    407 squad[524,12]                                    1                      0
    425 squad[350,6]                                     1                      0
    426 squad[350,7]                                     1                      0
    427 squad[350,8]                                     1                      0
    428 squad[350,9]                                     1                      0
    536 squad[20,5]                                      1                      0
    537 squad[20,6]                                      1                      0
    538 squad[20,7]                                      1                      0
    539 squad[20,8]                                      1                      0
    540 squad[20,9]                                      1                      0
    541 squad[20,10]                                     1                      0
    542 squad[20,11]                                     1                      0
    543 squad[20,12]                                     1                      0
    544 squad[112,5]                                     1                      0
    545 squad[112,6]                                     1                      0
    546 squad[112,7]                                     1                      0
    547 squad[112,8]                                     1                      0
    548 squad[112,9]                                     1                      0
    565 squad[29,10]                                     1                      0
    566 squad[29,11]                                     1                      0
    567 squad[29,12]                                     1                      0
    760 squad[230,5]                                     1                      0
    761 squad[230,6]                                     1                      0
    762 squad[230,7]                                     1                      0
    763 squad[230,8]                                     1                      0
    764 squad[230,9]                                     1                      0
    802 squad[614,7]                                     1                      0
    803 squad[614,8]                                     1                      0
    804 squad[614,9]                                     1                      0
    917 squad[33,10]                                     1                      0
    918 squad[33,11]                                     1                      0
    919 squad[33,12]                                     1                      0
   1520 squad[82,5]                                      1                      0
   1521 squad[82,6]                                      1                      0
   1522 squad[82,7]                                      1                      0
   1523 squad[82,8]                                      1                      0
   1524 squad[82,9]                                      1                      0
   1656 squad[195,5]                                     1                      0
   2336 squad[148,5]                                     1                      0
   2337 squad[148,6]                                     1                      0
   2752 squad[538,5]                                     1                      0
   2753 squad[538,6]                                     1                      0
   2754 squad[538,7]                                     1                      0
   2755 squad[538,8]                                     1                      0
   5610 lineup[308,6]                                    1                 -6.941
   5611 lineup[308,7]                                    1               -5.66185
   5614 lineup[308,10]                                   1               -3.85867
   5615 lineup[308,11]                                   1              -3.658794
   5616 lineup[308,12]                                   1              -2.454112
   5617 lineup[355,6]                                    1                 -7.476
   5618 lineup[355,7]                                    1                -6.4889
   5619 lineup[355,8]                                    1              -4.251912
   5620 lineup[355,9]                                    1              -3.926715
   5621 lineup[355,10]                                   1              -3.471342
   5622 lineup[355,11]                                   1              -3.465782
   5626 lineup[516,8]                                    1              -5.755435
   5627 lineup[516,9]                                    1              -4.133675
   5630 lineup[516,12]                                   1              -2.443175
   5631 lineup[19,6]                                     1                 -6.005
   5632 lineup[19,7]                                     1                -5.5981
   5633 lineup[19,8]                                     1               -3.58938
   5634 lineup[19,9]                                     1              -3.343296
   5635 lineup[19,10]                                    1              -3.629509
   5636 lineup[19,11]                                    1              -2.293956
   5637 lineup[19,12]                                    1              -2.503141
   5638 lineup[108,6]                                    1                 -5.801
   5639 lineup[108,7]                                    1                -5.0099
   5640 lineup[108,8]                                    1              -3.734602
   5641 lineup[108,9]                                    1              -4.399591
   5649 lineup[526,10]                                   1               -2.80996
   5650 lineup[526,11]                                   1              -2.142209
   5651 lineup[526,12]                                   1              -2.150507
   5654 lineup[504,8]                                    1               -4.97658
   5655 lineup[504,9]                                    1              -3.528148
   5659 lineup[373,6]                                    1                 -5.809
   5660 lineup[373,7]                                    1                -4.2432
   5661 lineup[373,8]                                    1              -3.584322
   5662 lineup[373,9]                                    1              -3.666326
   5670 lineup[140,10]                                   1              -2.915405
   5671 lineup[140,11]                                   1              -2.272215
   5672 lineup[140,12]                                   1              -2.470706
   5684 lineup[599,10]                                   1              -3.326224
   5685 lineup[599,11]                                   1               -2.27044
   5701 lineup[131,6]                                    1                 -5.594
   5702 lineup[131,7]                                    1               -3.53005
   5703 lineup[131,8]                                    1              -2.864712
   5705 lineup[131,10]                                   1              -2.847022
   5706 lineup[131,11]                                   1              -2.077428
   5707 lineup[131,12]                                   1              -2.349264
   5727 lineup[225,11]                                   1              -2.335665
   5729 lineup[143,6]                                    1                 -5.109
   5730 lineup[143,7]                                    1               -3.70345
   5756 lineup[132,12]                                   1              -2.296463
   5796 lineup[36,10]                                    1              -3.337708
   5797 lineup[36,11]                                    1              -2.026846
   5804 lineup[220,11]                                   1              -2.209652
   5805 lineup[220,12]                                   1              -1.899325
   5823 lineup[119,9]                                    1              -3.318731
   5836 lineup[511,8]                                    1              -4.321272
   5837 lineup[511,9]                                    1              -2.960082
   5859 lineup[291,10]                                   1              -2.632478
   5860 lineup[291,11]                                   1              -1.983806
   5966 lineup[524,12]                                   1              -1.686613
   5981 lineup[350,6]                                    1                 -5.261
   5982 lineup[350,7]                                    1               -3.53855
   5983 lineup[350,8]                                    1              -2.187007
   5984 lineup[350,9]                                    1               -2.24954
   6079 lineup[20,6]                                     1                 -3.966
   6080 lineup[20,7]                                     1               -3.30905
   6083 lineup[20,10]                                    1              -2.731659
   6085 lineup[20,12]                                    1              -1.964195
   6086 lineup[112,6]                                    1                 -4.433
   6087 lineup[112,7]                                    1               -3.39575
   6088 lineup[112,8]                                    1              -2.299717
   6089 lineup[112,9]                                    1              -3.108701
   6104 lineup[29,10]                                    1              -2.732181
   6106 lineup[29,12]                                    1              -1.964572
   6275 lineup[230,6]                                    1                 -3.833
   6277 lineup[230,8]                                    1               -2.91023
   6311 lineup[614,7]                                    1               -6.04605
   6313 lineup[614,9]                                    1              -2.016786
   8232 captain[308,10]                                  1               -3.85867
   8233 captain[308,11]                                  1              -3.658794
   8235 captain[355,6]                                   1                 -7.476
   8236 captain[355,7]                                   1                -6.4889
   8244 captain[516,8]                                   1              -5.755435
   8255 captain[19,12]                                   1              -2.503141
   8259 captain[108,9]                                   1              -4.399591
  10846 vicecap[308,6]                                   1                -0.6941
  10858 vicecap[355,11]                                  1              -0.346578
  10863 vicecap[516,9]                                   1              -0.413368
  10871 vicecap[19,10]                                   1              -0.362951
  10890 vicecap[504,8]                                   1              -0.497658
  10908 vicecap[140,12]                                  1              -0.247071
  11547 vicecap[614,7]                                   1              -0.604605
  13842 bench[131,9,2]                                   1                -0.1094
  13930 bench[225,10,2]                                  1              -0.144919
  13938 bench[225,12,2]                                  1              -0.107601
  14217 bench[36,12,1]                                   1               -0.37985
  14237 bench[220,10,1]                                  1              -0.508095
  14361 bench[511,6,1]                                   1               -0.66717
  14365 bench[511,7,1]                                   1              -0.622073
  14468 bench[291,12,0]                                  1              -0.043187
  14880 bench[524,10,0]                                  1              -0.065726
  14884 bench[524,11,0]                                  1              -0.044552
  15349 bench[20,8,1]                                    1              -0.358526
  15353 bench[20,9,1]                                    1              -0.404954
  15362 bench[20,11,2]                                   1              -0.071295
  15447 bench[29,11,3]                                   1              -0.003497
  16128 bench[230,7,0]                                   1              -0.077494
  16136 bench[230,9,0]                                   1              -0.051218
  16272 bench[614,8,0]                                   1              -0.071137
  16675 bench[33,10,3]                                   1               -0.00443
  16677 bench[33,11,1]                                   1              -0.340007
  16683 bench[33,12,3]                                   1              -0.003354
  18786 bench[82,6,2]                                    1               -0.12948
  18790 bench[82,7,2]                                    1              -0.113271
  18794 bench[82,8,2]                                    1              -0.101396
  18799 bench[82,9,3]                                    1              -0.004427
  21640 bench[148,6,0]                                   1               -0.02481
  23099 bench[538,6,3]                                   1              -0.000495
  23103 bench[538,7,3]                                   1              -0.001017
  23107 bench[538,8,3]                                   1              -0.000364
  23940 transfer_in[308,10]                              1               0.839275
  23952 transfer_in[516,8]                               1              1.2191543
  23956 transfer_in[516,12]                              1              0.1715987
  23975 transfer_in[526,10]                              1              0.4767082
  23980 transfer_in[504,8]                               1              1.0583867
  23996 transfer_in[140,10]                              1              0.4431372
  24010 transfer_in[599,10]                              1              0.4431372
  24052 transfer_in[225,10]                              1              0.3759952
  24082 transfer_in[132,12]                              1               0.113142
  24122 transfer_in[36,10]                               1              0.3155674
  24129 transfer_in[220,10]                              1              0.3088532
  24149 transfer_in[119,9]                               1              0.5968728
  24185 transfer_in[291,10]                              1               0.369281
  24290 transfer_in[524,10]                              1              0.2752822
  24307 transfer_in[350,6]                               1              1.2456015
  24430 transfer_in[29,10]                               1               0.369281
  24637 transfer_in[614,7]                               1              0.7941285
  24738 transfer_in[33,10]                               1               0.302139
  26561 tr_out_first[195,6]                              1             -1.2908961
  26579 tr_out_first[108,10]                             1             -0.4498514
  26595 tr_out_first[355,12]                             1              -0.263998
  26598 tr_out_reg[308,8]                                1             -1.6746625
  26614 tr_out_reg[516,10]                               1             -0.6109922
  26642 tr_out_reg[504,10]                               1             -0.5304218
  26649 tr_out_reg[373,10]                               1             -0.5639928
  26672 tr_out_reg[599,12]                               1             -0.1244562
  26717 tr_out_reg[143,8]                                1             -0.8708245
  26810 tr_out_reg[119,10]                               1             -0.4095662
  26824 tr_out_reg[511,10]                               1             -0.3155674
  26971 tr_out_reg[350,10]                               1              -0.369281
  27076 tr_out_reg[112,10]                               1              -0.302139
  27265 tr_out_reg[230,10]                               1              -0.302139
  27300 tr_out_reg[614,10]                               1              -0.302139
  27930 tr_out_reg[82,10]                                1              -0.302139
  28641 tr_out_reg[148,7]                                1             -0.7764812
  29007 tr_out_reg[538,9]                                1             -0.4305312
  29214 itb[5]                                         0.5                      0
  29215 itb[6]                                         0.7                      0
  29216 itb[7]                                         0.6                      0
  29217 itb[8]                                         2.6                      0
  29218 itb[9]                                         0.9                      0
  29221 itb[12]                                        5.5                      0
  29223 ft[6]                                            2                   -1.5
  29224 ft[7]                                            2                 -1.275
  29225 ft[8]                                            2               -1.08375
  29226 ft[9]                                            1              -0.921187
  29227 ft[10]                                           1              -0.783009
  29228 ft[11]                                           1              -0.665558
  29229 ft[12]                                           2              -0.565724
  29238 aux[7]                                           1                      0
  29239 aux[8]                                           1                      0
  29243 aux[12]                                          1                      0
  29248 use_wc[10]                                       1                      0
