Optimal (within gap tolerance) - objective value -830.50077600
      0 squad[308,4]                                     1                      0
      1 squad[308,5]                                     1                      0
      2 squad[308,6]                                     1                      0
      3 squad[308,7]                                     1                      0
      4 squad[308,8]                                     1                      0
      5 squad[308,9]                                     1                      0
      6 squad[308,10]                                    1                      0
      7 squad[308,11]                                    1                      0
      8 squad[308,12]                                    1                      0
      9 squad[308,13]                                    1                      0
     10 squad[308,14]                                    1                      0
     11 squad[308,15]                                    1                      0
     12 squad[308,16]                                    1                      0
     13 squad[355,4]                                     1                      0
     14 squad[355,5]                                     1                      0
     15 squad[355,6]                                     1                      0
     16 squad[355,7]                                     1                      0
     26 squad[19,4]                                      1                      0
     27 squad[19,5]                                      1                      0
     28 squad[19,6]                                      1                      0
     29 squad[19,7]                                      1                      0
     30 squad[19,8]                                      1                      0
     31 squad[19,9]                                      1                      0
     32 squad[19,10]                                     1                      0
     33 squad[19,11]                                     1                      0
     34 squad[19,12]                                     1                      0
     35 squad[19,13]                                     1                      0
     36 squad[19,14]                                     1                      0
     37 squad[19,15]                                     1                      0
     38 squad[19,16]                                     1                      0
     52 squad[108,4]                                     1                      0
     53 squad[108,5]                                     1                      0
     54 squad[108,6]                                     1                      0
     55 squad[108,7]                                     1                      0
     56 squad[108,8]                                     1                      0
     57 squad[108,9]                                     1                      0
     58 squad[108,10]                                    1                      0
     59 squad[108,11]                                    1                      0
     60 squad[108,12]                                    1                      0
     61 squad[108,13]                                    1                      0
     62 squad[108,14]                                    1                      0
     63 squad[108,15]                                    1                      0
     64 squad[108,16]                                    1                      0
     67 squad[216,6]                                     1                      0
     68 squad[216,7]                                     1                      0
     69 squad[216,8]                                     1                      0
     70 squad[216,9]                                     1                      0
     71 squad[216,10]                                    1                      0
     85 squad[140,11]                                    1                      0
     86 squad[140,12]                                    1                      0
     87 squad[140,13]                                    1                      0
     88 squad[140,14]                                    1                      0
     89 squad[140,15]                                    1                      0
     90 squad[140,16]                                    1                      0
    100 squad[526,13]                                    1                      0
    117 squad[373,4]                                     1                      0
    118 squad[373,5]                                     1                      0
    134 squad[599,8]                                     1                      0
    135 squad[599,9]                                     1                      0
    136 squad[599,10]                                    1                      0
    137 squad[599,11]                                    1                      0
    138 squad[599,12]                                    1                      0
    153 squad[365,14]                                    1                      0
    154 squad[365,15]                                    1                      0
    155 squad[365,16]                                    1                      0
    160 squad[437,8]                                     1                      0
    161 squad[437,9]                                     1                      0
    162 squad[437,10]                                    1                      0
    163 squad[437,11]                                    1                      0
    164 squad[437,12]                                    1                      0
    165 squad[437,13]                                    1                      0
    166 squad[437,14]                                    1                      0
    167 squad[437,15]                                    1                      0
    168 squad[437,16]                                    1                      0
    171 squad[119,6]                                     1                      0
    172 squad[119,7]                                     1                      0
    173 squad[119,8]                                     1                      0
    174 squad[119,9]                                     1                      0
    175 squad[119,10]                                    1                      0
    176 squad[119,11]                                    1                      0
    177 squad[119,12]                                    1                      0
    178 squad[119,13]                                    1                      0
    179 squad[119,14]                                    1                      0
    180 squad[119,15]                                    1                      0
    181 squad[119,16]                                    1                      0
    197 squad[132,6]                                     1                      0
    198 squad[132,7]                                     1                      0
    199 squad[132,8]                                     1                      0
    200 squad[132,9]                                     1                      0
    201 squad[132,10]                                    1                      0
    202 squad[132,11]                                    1                      0
    203 squad[132,12]                                    1                      0
    204 squad[132,13]                                    1                      0
    205 squad[132,14]                                    1                      0
    206 squad[132,15]                                    1                      0
    207 squad[132,16]                                    1                      0
    223 squad[430,6]                                     1                      0
    224 squad[430,7]                                     1                      0
    225 squad[430,8]                                     1                      0
    226 squad[430,9]                                     1                      0
    234 squad[143,4]                                     1                      0
    235 squad[143,5]                                     1                      0
    247 squad[131,4]                                     1                      0
    248 squad[131,5]                                     1                      0
    253 squad[131,10]                                    1                      0
    254 squad[131,11]                                    1                      0
    255 squad[131,12]                                    1                      0
    256 squad[131,13]                                    1                      0
    257 squad[131,14]                                    1                      0
    258 squad[131,15]                                    1                      0
    259 squad[131,16]                                    1                      0
    314 squad[36,6]                                      1                      0
    315 squad[36,7]                                      1                      0
    316 squad[36,8]                                      1                      0
    317 squad[36,9]                                      1                      0
    318 squad[36,10]                                     1                      0
    319 squad[36,11]                                     1                      0
    320 squad[36,12]                                     1                      0
    321 squad[36,13]                                     1                      0
    322 squad[36,14]                                     1                      0
    323 squad[36,15]                                     1                      0
    324 squad[36,16]                                     1                      0
    340 squad[220,6]                                     1                      0
    341 squad[220,7]                                     1                      0
    342 squad[220,8]                                     1                      0
    343 squad[220,9]                                     1                      0
    344 squad[220,10]                                    1                      0
    345 squad[220,11]                                    1                      0
    346 squad[220,12]                                    1                      0
    347 squad[220,13]                                    1                      0
    348 squad[220,14]                                    1                      0
    349 squad[220,15]                                    1                      0
    350 squad[220,16]                                    1                      0
    469 squad[275,5]                                     1                      0
    470 squad[275,6]                                     1                      0
    471 squad[275,7]                                     1                      0
    472 squad[275,8]                                     1                      0
    473 squad[275,9]                                     1                      0
    474 squad[275,10]                                    1                      0
    475 squad[275,11]                                    1                      0
    476 squad[275,12]                                    1                      0
    477 squad[275,13]                                    1                      0
    478 squad[275,14]                                    1                      0
    479 squad[275,15]                                    1                      0
    480 squad[275,16]                                    1                      0
    482 squad[511,5]                                     1                      0
    485 squad[511,8]                                     1                      0
    486 squad[511,9]                                     1                      0
    499 squad[291,9]                                     1                      0
    500 squad[291,10]                                    1                      0
    501 squad[291,11]                                    1                      0
    650 squad[20,4]                                      1                      0
    651 squad[20,5]                                      1                      0
    656 squad[20,10]                                     1                      0
    657 squad[20,11]                                     1                      0
    658 squad[20,12]                                     1                      0
    659 squad[20,13]                                     1                      0
    660 squad[20,14]                                     1                      0
    661 squad[20,15]                                     1                      0
    662 squad[20,16]                                     1                      0
    750 squad[101,13]                                    1                      0
    751 squad[101,14]                                    1                      0
    752 squad[101,15]                                    1                      0
    753 squad[101,16]                                    1                      0
    801 squad[17,12]                                     1                      0
    897 squad[195,4]                                     1                      0
    898 squad[195,5]                                     1                      0
   1040 squad[112,4]                                     1                      0
   1118 squad[230,4]                                     1                      0
   1119 squad[230,5]                                     1                      0
   1133 squad[605,6]                                     1                      0
   1134 squad[605,7]                                     1                      0
   1328 squad[614,6]                                     1                      0
   1329 squad[614,7]                                     1                      0
   1330 squad[614,8]                                     1                      0
   1378 squad[197,4]                                     1                      0
   1379 squad[197,5]                                     1                      0
   2225 squad[553,6]                                     1                      0
   2226 squad[553,7]                                     1                      0
   2407 squad[316,6]                                     1                      0
   2408 squad[316,7]                                     1                      0
   2409 squad[316,8]                                     1                      0
   2410 squad[316,9]                                     1                      0
   2411 squad[316,10]                                    1                      0
   2412 squad[316,11]                                    1                      0
   2413 squad[316,12]                                    1                      0
   2414 squad[316,13]                                    1                      0
   2415 squad[316,14]                                    1                      0
   2416 squad[316,15]                                    1                      0
   2417 squad[316,16]                                    1                      0
   2899 squad[82,4]                                      1                      0
   2900 squad[82,5]                                      1                      0
   4342 squad[148,4]                                     1                      0
   4771 squad[538,4]                                     1                      0
   4772 squad[538,5]                                     1                      0
   9475 lineup[308,5]                                    1                 -6.402
   9476 lineup[308,6]                                    1                 -6.461
   9477 lineup[308,7]                                    1                 -5.925
   9478 lineup[308,8]                                    1                 -5.163
   9479 lineup[308,9]                                    1                 -6.549
   9480 lineup[308,10]                                   1                 -6.636
   9481 lineup[308,11]                                   1                 -6.613
   9482 lineup[308,12]                                   1                 -6.058
   9483 lineup[308,13]                                   1                 -4.977
   9484 lineup[308,14]                                   1                 -6.529
   9485 lineup[308,15]                                   1                 -6.637
   9486 lineup[308,16]                                   1                 -5.819
   9487 lineup[355,5]                                    1                 -6.206
   9488 lineup[355,6]                                    1                 -6.942
   9489 lineup[355,7]                                    1                 -6.833
   9499 lineup[19,5]                                     1                 -5.926
   9500 lineup[19,6]                                     1                 -5.903
   9501 lineup[19,7]                                     1                 -6.011
   9502 lineup[19,8]                                     1                 -4.793
   9503 lineup[19,9]                                     1                 -5.617
   9504 lineup[19,10]                                    1                 -6.493
   9506 lineup[19,12]                                    1                 -6.486
   9507 lineup[19,13]                                    1                 -5.505
   9508 lineup[19,14]                                    1                 -6.245
   9509 lineup[19,15]                                    1                 -6.309
   9523 lineup[108,5]                                    1                 -4.695
   9524 lineup[108,6]                                    1                 -5.824
   9525 lineup[108,7]                                    1                 -5.737
   9526 lineup[108,8]                                    1                 -5.014
   9527 lineup[108,9]                                    1                  -6.13
   9528 lineup[108,10]                                   1                 -5.272
   9529 lineup[108,11]                                   1                 -5.656
   9531 lineup[108,13]                                   1                  -4.82
   9532 lineup[108,14]                                   1                 -6.157
   9533 lineup[108,15]                                   1                 -4.713
   9534 lineup[108,16]                                   1                 -5.929
   9536 lineup[216,6]                                    1                 -5.454
   9537 lineup[216,7]                                    1                 -5.714
   9538 lineup[216,8]                                    1                 -6.894
   9539 lineup[216,9]                                    1                 -4.824
   9540 lineup[216,10]                                   1                 -5.383
   9553 lineup[140,11]                                   1                 -5.331
   9554 lineup[140,12]                                   1                 -6.654
   9555 lineup[140,13]                                   1                 -5.448
   9556 lineup[140,14]                                   1                  -4.99
   9557 lineup[140,15]                                   1                 -5.088
   9558 lineup[140,16]                                   1                 -6.566
   9567 lineup[526,13]                                   1                 -6.426
   9583 lineup[373,5]                                    1                 -4.664
   9598 lineup[599,8]                                    1                 -5.505
   9599 lineup[599,9]                                    1                 -5.287
   9600 lineup[599,10]                                   1                 -6.743
   9601 lineup[599,11]                                   1                 -5.501
   9602 lineup[599,12]                                   1                 -5.478
   9616 lineup[365,14]                                   1                 -5.198
   9617 lineup[365,15]                                   1                  -4.77
   9618 lineup[365,16]                                   1                 -6.323
   9622 lineup[437,8]                                    1                  -4.82
   9623 lineup[437,9]                                    1                 -6.254
   9625 lineup[437,11]                                   1                 -4.899
   9626 lineup[437,12]                                   1                 -4.869
   9627 lineup[437,13]                                   1                 -4.466
   9628 lineup[437,14]                                   1                 -5.083
   9629 lineup[437,15]                                   1                     -5
   9630 lineup[437,16]                                   1                 -5.192
   9632 lineup[119,6]                                    1                  -5.25
   9633 lineup[119,7]                                    1                 -5.268
   9634 lineup[119,8]                                    1                 -4.541
   9635 lineup[119,9]                                    1                 -6.073
   9636 lineup[119,10]                                   1                 -4.749
   9637 lineup[119,11]                                   1                 -4.944
   9640 lineup[119,14]                                   1                 -6.145
   9642 lineup[119,16]                                   1                 -6.066
   9656 lineup[132,6]                                    1                 -5.326
   9660 lineup[132,10]                                   1                 -5.093
   9661 lineup[132,11]                                   1                 -5.058
   9662 lineup[132,12]                                   1                 -6.022
   9663 lineup[132,13]                                   1                  -5.26
   9665 lineup[132,15]                                   1                 -4.786
   9666 lineup[132,16]                                   1                 -5.949
   9680 lineup[430,6]                                    1                 -5.167
   9681 lineup[430,7]                                    1                 -6.233
   9683 lineup[430,9]                                    1                 -4.847
   9691 lineup[143,5]                                    1                 -4.363
   9703 lineup[131,5]                                    1                  -3.87
   9708 lineup[131,10]                                   1                 -5.303
   9709 lineup[131,11]                                   1                 -4.831
   9710 lineup[131,12]                                   1                 -6.159
   9711 lineup[131,13]                                   1                 -4.952
   9713 lineup[131,15]                                   1                 -4.568
   9714 lineup[131,16]                                   1                 -6.132
   9764 lineup[36,6]                                     1                 -4.064
   9766 lineup[36,8]                                     1                 -4.791
   9767 lineup[36,9]                                     1                 -4.607
   9768 lineup[36,10]                                    1                 -6.714
   9769 lineup[36,11]                                    1                 -4.805
   9770 lineup[36,12]                                    1                 -4.962
   9771 lineup[36,13]                                    1                  -4.22
   9772 lineup[36,14]                                    1                 -4.776
   9774 lineup[36,16]                                    1                 -3.763
   9788 lineup[220,6]                                    1                 -4.984
   9790 lineup[220,8]                                    1                 -5.279
   9793 lineup[220,11]                                   1                 -4.861
   9794 lineup[220,12]                                   1                 -5.142
   9795 lineup[220,13]                                   1                 -4.888
   9796 lineup[220,14]                                   1                 -4.275
   9797 lineup[220,15]                                   1                  -5.18
   9798 lineup[220,16]                                   1                 -3.765
   9907 lineup[275,5]                                    1                  -5.13
   9908 lineup[275,6]                                    1                 -3.945
   9910 lineup[275,8]                                    1                 -5.045
   9915 lineup[275,13]                                   1                 -4.734
   9917 lineup[275,15]                                   1                 -4.791
   9918 lineup[275,16]                                   1                 -4.372
   9919 lineup[511,5]                                    1                 -6.365
   9922 lineup[511,8]                                    1                 -5.774
   9923 lineup[511,9]                                    1                 -4.704
   9935 lineup[291,9]                                    1                 -4.871
   9936 lineup[291,10]                                   1                 -4.962
   9937 lineup[291,11]                                   1                 -4.559
  10075 lineup[20,5]                                     1                 -3.897
  10080 lineup[20,10]                                    1                 -5.343
  10082 lineup[20,12]                                    1                 -5.315
  10084 lineup[20,14]                                    1                  -4.74
  10085 lineup[20,15]                                    1                 -4.443
  10168 lineup[101,14]                                   1                 -4.913
  10214 lineup[17,12]                                    1                 -4.854
  10303 lineup[195,5]                                    1                  -4.27
  10521 lineup[605,7]                                    1                 -7.162
  10701 lineup[614,7]                                    1                 -7.186
  11529 lineup[553,7]                                    1                 -6.464
  11697 lineup[316,7]                                    1                 -6.281
  14023 captain[308,5]                                   1                 -6.402
  14027 captain[308,9]                                   1                 -6.549
  14029 captain[308,11]                                  1                 -6.613
  14032 captain[308,14]                                  1                 -6.529
  14033 captain[308,15]                                  1                 -6.637
  14036 captain[355,6]                                   1                 -6.942
  14086 captain[216,8]                                   1                 -6.894
  14102 captain[140,12]                                  1                 -6.654
  14106 captain[140,16]                                  1                 -6.566
  14115 captain[526,13]                                  1                 -6.426
  14148 captain[599,10]                                  1                 -6.743
  15249 captain[614,7]                                   1                 -7.186
  18572 vicecap[308,6]                                   1                -0.6461
  18602 vicecap[19,12]                                   1                -0.6486
  18603 vicecap[19,13]                                   1                -0.5505
  18604 vicecap[19,14]                                   1                -0.6245
  18605 vicecap[19,15]                                   1                -0.6309
  18625 vicecap[108,11]                                  1                -0.5656
  18719 vicecap[437,9]                                   1                -0.6254
  18738 vicecap[119,16]                                  1                -0.6066
  18864 vicecap[36,10]                                   1                -0.6714
  19015 vicecap[511,5]                                   1                -0.6365
  19018 vicecap[511,8]                                   1                -0.5774
  19617 vicecap[605,7]                                   1                -0.7162
  23240 bench[19,11,1]                                   1               -1.00842
  23260 bench[19,16,1]                                   1               -1.17117
  23340 bench[108,12,1]                                  1               -1.00989
  23717 bench[437,10,2]                                  1               -0.26424
  23773 bench[119,12,2]                                  1               -0.25998
  23776 bench[119,13,1]                                  1               -0.91959
  23784 bench[119,15,1]                                  1               -0.89901
  23848 bench[132,7,1]                                   1               -0.99603
  23852 bench[132,8,1]                                   1                -0.9408
  23856 bench[132,9,1]                                   1               -0.84819
  23876 bench[132,14,1]                                  1               -1.00107
  23949 bench[430,8,2]                                   1                -0.2643
  24069 bench[131,14,2]                                  1               -0.25626
  24281 bench[36,7,2]                                    1               -0.23448
  24313 bench[36,15,2]                                   1               -0.19356
  24378 bench[220,7,3]                                   1              -0.011049
  24385 bench[220,9,2]                                   1               -0.19956
  24388 bench[220,10,1]                                  1               -0.98175
  24855 bench[275,7,0]                                   1               -0.12795
  24863 bench[275,9,0]                                   1               -0.12075
  24867 bench[275,10,0]                                  1               -0.10098
  24871 bench[275,11,0]                                  1               -0.11916
  24875 bench[275,12,0]                                  1               -0.11559
  24883 bench[275,14,0]                                  1               -0.10311
  25545 bench[20,11,2]                                   1               -0.15852
  25553 bench[20,13,2]                                   1               -0.19104
  25565 bench[20,16,2]                                   1               -0.20166
  25887 bench[101,13,0]                                  1               -0.10098
  25895 bench[101,15,0]                                  1               -0.09441
  25899 bench[101,16,0]                                  1               -0.12441
  27247 bench[230,5,0]                                   1               -0.09351
  27302 bench[605,6,3]                                   1              -0.008607
  28019 bench[614,6,0]                                   1               -0.11022
  28027 bench[614,8,0]                                   1               -0.10002
  28208 bench[197,5,1]                                   1               -0.80451
  31332 bench[553,6,1]                                   1               -0.71001
  32005 bench[316,6,2]                                   1               -0.19782
  32014 bench[316,8,3]                                   1              -0.008307
  32018 bench[316,9,3]                                   1              -0.008241
  32022 bench[316,10,3]                                  1              -0.006417
  32026 bench[316,11,3]                                  1              -0.005697
  32030 bench[316,12,3]                                  1              -0.005715
  32034 bench[316,13,3]                                  1              -0.007653
  32038 bench[316,14,3]                                  1               -0.00612
  32042 bench[316,15,3]                                  1              -0.005796
  32046 bench[316,16,3]                                  1              -0.004734
  33825 bench[82,5,2]                                    1               -0.12828
  40738 bench[538,5,3]                                   1               -0.00051
  41372 transfer_in[216,6]                               1                   3.96
  41389 transfer_in[140,11]                              1                   1.98
  41403 transfer_in[526,13]                              1                   1.42
  41434 transfer_in[599,8]                               1                   2.97
  41452 transfer_in[365,14]                              1                  0.855
  41458 transfer_in[437,8]                               1                   2.97
  41468 transfer_in[119,6]                               1                   3.41
  41492 transfer_in[132,6]                               1                    3.3
  41516 transfer_in[430,6]                               1                  3.575
  41544 transfer_in[131,10]                              1                  1.855
  41600 transfer_in[36,6]                                1                  2.585
  41624 transfer_in[220,6]                               1                   2.53
  41743 transfer_in[275,5]                               1                   2.76
  41755 transfer_in[511,5]                               1                   2.82
  41758 transfer_in[511,8]                               1                  2.115
  41771 transfer_in[291,9]                               1                    2.2
  41916 transfer_in[20,10]                               1                   1.82
  42003 transfer_in[101,13]                              1                    0.9
  42050 transfer_in[17,12]                               1                   1.25
  42356 transfer_in[605,6]                               1                   2.75
  42536 transfer_in[614,6]                               1                  2.475
  43364 transfer_in[553,6]                               1                  2.475
  43532 transfer_in[316,6]                               1                    2.2
  45860 tr_out_first[195,6]                              1                 -3.135
  45872 tr_out_first[20,6]                               1                 -2.805
  45910 tr_out_first[355,8]                              1                   -6.3
  45920 tr_out_first[131,6]                              1                 -2.805
  45997 tr_out_reg[216,11]                               1                  -2.16
  46024 tr_out_reg[526,14]                               1                 -1.065
  46040 tr_out_reg[373,6]                                1                  -4.62
  46059 tr_out_reg[599,13]                               1                  -1.32
  46140 tr_out_reg[430,10]                               1                 -2.275
  46148 tr_out_reg[143,6]                                1                 -3.575
  46376 tr_out_reg[511,6]                                1                 -2.585
  46380 tr_out_reg[511,10]                               1                 -1.645
  46394 tr_out_reg[291,12]                               1                 -1.375
  46671 tr_out_reg[17,13]                                1                     -1
  46891 tr_out_reg[112,5]                                1                   -2.7
  46964 tr_out_reg[230,6]                                1                 -2.475
  46978 tr_out_reg[605,8]                                1                  -2.25
  47159 tr_out_reg[614,9]                                1                   -1.8
  47204 tr_out_reg[197,6]                                1                 -2.475
  47986 tr_out_reg[553,8]                                1                 -2.025
  48608 tr_out_reg[82,6]                                 1                 -2.475
  49939 tr_out_reg[148,5]                                1                  -2.64
  50336 tr_out_reg[538,6]                                1                  -2.42
  50479 itb[4]                                         0.7                      0
  50480 itb[5]                                         0.3                      0
  50481 itb[6]                                         0.5                      0
  50482 itb[7]                                         0.5                      0
  50483 itb[8]                                         6.1                      0
  50484 itb[9]                                         5.1                      0
  50485 itb[10]                                        5.8                      0
  50486 itb[11]                                        6.4                      0
  50487 itb[12]                                        6.9                      0
  50488 itb[13]                                        6.9                      0
  50489 itb[14]                                        8.3                      0
  50490 itb[15]                                        8.3                      0
  50491 itb[16]                                        8.3                      0
  50493 ft[5]                                            2                   -1.5
  50494 ft[6]                                            1                   -1.5
  50495 ft[7]                                            1                   -1.5
  50496 ft[8]                                            2                   -1.5
  50497 ft[9]                                            1                   -1.5
  50498 ft[10]                                           1                   -1.5
  50499 ft[11]                                           1                   -1.5
  50500 ft[12]                                           1                   -1.5
  50501 ft[13]                                           1                   -1.5
  50502 ft[14]                                           1                   -1.5
  50503 ft[15]                                           1                   -1.5
  50504 ft[16]                                           2                   -1.5
  50508 pt[8]                                            1                      4
  50510 pt[10]                                           1                      4
  50513 pt[13]                                           1                      4
  50520 aux[8]                                           1                      0
  50528 aux[16]                                          1                      0
  50530 use_wc[6]                                        1                      0
