Optimal (within gap tolerance) - objective value -219.31889600
      0 squad[333,34]                                    1                       0
      1 squad[333,35]                                    1                       0
      2 squad[333,36]                                    1                       0
      3 squad[333,37]                                    1                       0
      4 squad[333,38]                                    1                       0
      8 squad[318,37]                                    1                       0
      9 squad[318,38]                                    1                       0
     10 squad[124,34]                                    1                       0
     11 squad[124,35]                                    1                       0
     12 squad[124,36]                                    1                       0
     13 squad[124,37]                                    1                       0
     14 squad[124,38]                                    1                       0
     15 squad[335,34]                                    1                       0
     16 squad[335,35]                                    1                       0
     17 squad[335,36]                                    1                       0
     18 squad[335,37]                                    1                       0
     19 squad[335,38]                                    1                       0
     20 squad[116,34]                                    1                       0
     21 squad[116,35]                                    1                       0
     22 squad[116,36]                                    1                       0
     23 squad[116,37]                                    1                       0
     30 squad[102,34]                                    1                       0
     31 squad[102,35]                                    1                       0
     32 squad[102,36]                                    1                       0
     33 squad[102,37]                                    1                       0
     34 squad[102,38]                                    1                       0
     50 squad[357,34]                                    1                       0
     51 squad[357,35]                                    1                       0
     52 squad[357,36]                                    1                       0
     53 squad[357,37]                                    1                       0
     54 squad[357,38]                                    1                       0
     55 squad[332,34]                                    1                       0
     56 squad[332,35]                                    1                       0
     57 squad[332,36]                                    1                       0
     58 squad[332,37]                                    1                       0
     59 squad[332,38]                                    1                       0
     60 squad[427,34]                                    1                       0
     61 squad[427,35]                                    1                       0
     62 squad[427,36]                                    1                       0
     63 squad[427,37]                                    1                       0
     64 squad[427,38]                                    1                       0
     74 squad[13,38]                                     1                       0
    100 squad[175,34]                                    1                       0
    101 squad[175,35]                                    1                       0
    102 squad[175,36]                                    1                       0
    103 squad[175,37]                                    1                       0
    104 squad[175,38]                                    1                       0
    110 squad[285,34]                                    1                       0
    111 squad[285,35]                                    1                       0
    112 squad[285,36]                                    1                       0
    113 squad[285,37]                                    1                       0
    114 squad[285,38]                                    1                       0
    160 squad[594,34]                                    1                       0
    161 squad[594,35]                                    1                       0
    162 squad[594,36]                                    1                       0
    175 squad[377,34]                                    1                       0
    176 squad[377,35]                                    1                       0
    177 squad[377,36]                                    1                       0
    178 squad[377,37]                                    1                       0
    179 squad[377,38]                                    1                       0
    225 squad[312,34]                                    1                       0
    226 squad[312,35]                                    1                       0
    227 squad[312,36]                                    1                       0
    228 squad[312,37]                                    1                       0
    230 squad[66,34]                                     1                       0
    231 squad[66,35]                                     1                       0
    232 squad[66,36]                                     1                       0
    233 squad[66,37]                                     1                       0
    234 squad[66,38]                                     1                       0
    290 squad[303,34]                                    1                       0
    316 squad[493,35]                                    1                       0
    317 squad[493,36]                                    1                       0
    318 squad[493,37]                                    1                       0
    319 squad[493,38]                                    1                       0
   1554 squad[471,38]                                    1                       0
   3600 lineup[333,35]                                   1                  -5.206
   3601 lineup[333,36]                                   1                  -4.576
   3602 lineup[333,37]                                   1                -6.89984
   3603 lineup[333,38]                                   1               -2.874368
   3606 lineup[318,37]                                   1                -6.48192
   3607 lineup[318,38]                                   1                -2.80576
   3608 lineup[124,35]                                   1                  -5.156
   3609 lineup[124,36]                                   1                   -6.46
   3610 lineup[124,37]                                   1                -5.52448
   3611 lineup[124,38]                                   1               -2.153984
   3612 lineup[335,35]                                   1                  -5.066
   3613 lineup[335,36]                                   1                 -4.2928
   3614 lineup[335,37]                                   1                -6.27264
   3615 lineup[335,38]                                   1               -2.554368
   3616 lineup[116,35]                                   1                  -4.967
   3617 lineup[116,36]                                   1                 -6.0984
   3618 lineup[116,37]                                   1                -5.30176
   3624 lineup[102,35]                                   1                  -4.534
   3625 lineup[102,36]                                   1                  -5.076
   3626 lineup[102,37]                                   1                -5.14368
   3640 lineup[357,35]                                   1                  -3.561
   3641 lineup[357,36]                                   1                 -6.6592
   3642 lineup[357,37]                                   1                -3.16672
   3643 lineup[357,38]                                   1                -2.11712
   3644 lineup[332,35]                                   1                  -3.663
   3645 lineup[332,36]                                   1                 -3.7448
   3646 lineup[332,37]                                   1                 -5.1232
   3647 lineup[332,38]                                   1               -2.190336
   3648 lineup[427,35]                                   1                  -5.205
   3649 lineup[427,36]                                   1                 -3.9216
   3650 lineup[427,37]                                   1                -3.34336
   3651 lineup[427,38]                                   1               -2.690048
   3659 lineup[13,38]                                    1               -2.752512
   3683 lineup[175,38]                                   1               -2.551808
   3688 lineup[285,35]                                   1                  -4.478
   3690 lineup[285,37]                                   1                -2.84672
   3691 lineup[285,38]                                   1                -2.39616
   3729 lineup[594,36]                                   1                   -4.88
   3741 lineup[377,36]                                   1                 -5.0624
   3782 lineup[312,37]                                   1                -4.16256
   3784 lineup[66,35]                                    1                   -3.67
   3785 lineup[66,36]                                    1                   -3.02
   3787 lineup[66,38]                                    1                -1.98144
   3852 lineup[493,35]                                   1                  -3.841
   5200 captain[333,35]                                  1                  -5.206
   5202 captain[333,37]                                  1                -6.89984
   5203 captain[333,38]                                  1               -2.874368
   5241 captain[357,36]                                  1                 -6.6592
   6806 vicecap[318,37]                                  1               -0.648192
   6807 vicecap[318,38]                                  1               -0.280576
   6809 vicecap[124,36]                                  1                  -0.646
   6848 vicecap[427,35]                                  1                 -0.5205
   8508 bench[102,38,0]                                  1               -0.060411
   8720 bench[175,35,0]                                  1                -0.11481
   8724 bench[175,36,0]                                  1               -0.113016
   8728 bench[175,37,0]                                  1               -0.081696
   8757 bench[285,36,1]                                  1               -0.694344
   8913 bench[594,35,1]                                  1                -0.76503
   8962 bench[377,35,2]                                  1                -0.15816
   8970 bench[377,37,2]                                  1               -0.143923
   8975 bench[377,38,3]                                  1                -0.00476
   9123 bench[312,35,3]                                  1               -0.007047
   9126 bench[312,36,2]                                  1                -0.14016
   9147 bench[66,37,3]                                   1               -0.006753
   9415 bench[493,36,3]                                  1               -0.007884
   9417 bench[493,37,1]                                  1               -0.415162
   9422 bench[493,38,2]                                  1               -0.106107
  13373 bench[471,38,1]                                  1               -0.083973
  14806 transfer_in[318,37]                              1                       0
  14859 transfer_in[13,38]                               1                       0
  15052 transfer_in[493,35]                              1                       0
  16043 transfer_in[471,38]                              1                       0
  16415 tr_out_first[116,38]                             1                       0
  16416 tr_out_first[303,35]                             1                       0
  16566 tr_out_reg[594,37]                               1                       0
  16619 tr_out_reg[312,38]                               1                       0
  18036 itb[34]                                        4.6                       0
  18037 itb[35]                                        6.5                       0
  18038 itb[36]                                        6.5                       0
  18039 itb[37]                                        1.1                       0
  18040 itb[38]                                        0.2                       0
  18042 ft[35]                                           1                      -2
  18043 ft[36]                                           1                    -1.6
  18044 ft[37]                                           2                   -1.28
  18045 ft[38]                                           2                  -1.024
  18052 aux[37]                                          1                       0
  18053 aux[38]                                          1                       0
