Optimal (within gap tolerance) - objective value -153.53720600
      1 squad[333,37]                                    1                       0
      2 squad[333,38]                                    1                       0
      3 squad[318,36]                                    1                       0
      4 squad[318,37]                                    1                       0
      5 squad[318,38]                                    1                       0
      7 squad[332,37]                                    1                       0
      8 squad[332,38]                                    1                       0
      9 squad[116,36]                                    1                       0
     10 squad[116,37]                                    1                       0
     11 squad[116,38]                                    1                       0
     12 squad[124,36]                                    1                       0
     13 squad[124,37]                                    1                       0
     14 squad[124,38]                                    1                       0
     15 squad[283,36]                                    1                       0
     18 squad[335,36]                                    1                       0
     19 squad[335,37]                                    1                       0
     20 squad[335,38]                                    1                       0
     33 squad[303,36]                                    1                       0
     34 squad[303,37]                                    1                       0
     35 squad[303,38]                                    1                       0
     36 squad[102,36]                                    1                       0
     37 squad[102,37]                                    1                       0
     38 squad[102,38]                                    1                       0
     48 squad[312,36]                                    1                       0
     49 squad[312,37]                                    1                       0
     57 squad[285,36]                                    1                       0
     59 squad[285,38]                                    1                       0
     72 squad[357,36]                                    1                       0
     73 squad[357,37]                                    1                       0
     74 squad[357,38]                                    1                       0
     75 squad[175,36]                                    1                       0
     76 squad[175,37]                                    1                       0
     77 squad[175,38]                                    1                       0
    144 squad[594,36]                                    1                       0
    145 squad[594,37]                                    1                       0
    146 squad[594,38]                                    1                       0
    147 squad[66,36]                                     1                       0
    148 squad[66,37]                                     1                       0
    149 squad[66,38]                                     1                       0
    171 squad[377,36]                                    1                       0
    172 squad[377,37]                                    1                       0
    173 squad[377,38]                                    1                       0
    204 squad[290,36]                                    1                       0
    205 squad[290,37]                                    1                       0
    206 squad[290,38]                                    1                       0
   1815 lineup[333,37]                                   1                 -11.389
   1816 lineup[333,38]                                   1                -4.93595
   1817 lineup[318,37]                                   1                  -9.785
   1818 lineup[318,38]                                   1                 -4.3741
   1819 lineup[332,37]                                   1                  -8.615
   1820 lineup[332,38]                                   1                -3.69155
   1821 lineup[116,37]                                   1                  -8.658
   1822 lineup[116,38]                                   1                -3.60655
   1823 lineup[124,37]                                   1                  -8.709
   1824 lineup[124,38]                                   1                 -3.4374
   1827 lineup[335,37]                                   1                  -7.025
   1828 lineup[335,38]                                   1                 -4.3673
   1837 lineup[303,37]                                   1                  -7.271
   1838 lineup[303,38]                                   1                 -3.1824
   1839 lineup[102,37]                                   1                  -7.186
   1847 lineup[312,37]                                   1                  -6.916
   1854 lineup[285,38]                                   1                 -4.1735
   1863 lineup[357,37]                                   1                  -4.833
   1864 lineup[357,38]                                   1                 -3.6465
   1866 lineup[175,38]                                   1                -4.09955
   1914 lineup[66,38]                                    1                  -3.349
   1929 lineup[377,37]                                   1                  -4.003
   2541 captain[333,37]                                  1                 -11.389
   2542 captain[333,38]                                  1                -4.93595
   3269 vicecap[318,37]                                  1                 -0.9785
   3270 vicecap[318,38]                                  1                -0.43741
   4093 bench[102,38,0]                                  1               -0.095854
   4193 bench[175,37,0]                                  1                -0.12426
   4378 bench[594,37,1]                                  1                -0.84399
   4382 bench[594,38,1]                                  1               -0.664377
   4387 bench[66,37,2]                                   1                -0.22656
   4456 bench[377,38,3]                                  1               -0.008762
   4540 bench[290,37,3]                                  1               -0.011283
   4543 bench[290,38,2]                                  1                -0.17646
   6897 transfer_in[333,37]                              1                   3.515
   6901 transfer_in[332,37]                              1                   1.924
   6936 transfer_in[285,38]                              1                   1.309
   7627 tr_out_first[285,37]                             1                  -2.775
   7633 tr_out_first[283,37]                             1                  -4.773
   7676 tr_out_reg[312,38]                               1                   -1.02
   8369 itb[36]                                        0.8                       0
   8370 itb[37]                                        6.5           2.7755576e-17
   8371 itb[38]                                        4.8                       0
   8373 ft[37]                                           2                    -1.5
   8374 ft[38]                                           1                  -1.275
