Optimal (within gap tolerance) - objective value -282.60496840
      0 squad[318,21]                                    1                       0
      1 squad[318,22]                                    1                       0
      2 squad[318,23]                                    1                       0
      3 squad[318,24]                                    1                       0
      4 squad[318,25]                                    1                       0
      5 squad[318,26]                                    1                       0
      6 squad[13,21]                                     1                       0
      9 squad[13,24]                                     1                       0
     10 squad[13,25]                                     1                       0
     11 squad[13,26]                                     1                       0
     13 squad[283,22]                                    1                       0
     14 squad[283,23]                                    1                       0
     15 squad[283,24]                                    1                       0
     16 squad[283,25]                                    1                       0
     17 squad[283,26]                                    1                       0
     18 squad[335,21]                                    1                       0
     19 squad[335,22]                                    1                       0
     20 squad[335,23]                                    1                       0
     21 squad[335,24]                                    1                       0
     22 squad[335,25]                                    1                       0
     23 squad[335,26]                                    1                       0
     25 squad[333,22]                                    1                       0
     36 squad[301,21]                                    1                       0
     38 squad[301,23]                                    1                       0
     48 squad[332,21]                                    1                       0
     49 squad[332,22]                                    1                       0
     50 squad[332,23]                                    1                       0
     51 squad[332,24]                                    1                       0
     52 squad[332,25]                                    1                       0
     53 squad[332,26]                                    1                       0
     66 squad[307,21]                                    1                       0
     67 squad[307,22]                                    1                       0
     68 squad[307,23]                                    1                       0
     69 squad[307,24]                                    1                       0
     70 squad[307,25]                                    1                       0
     71 squad[307,26]                                    1                       0
     72 squad[16,21]                                     1                       0
     73 squad[16,22]                                     1                       0
     74 squad[16,23]                                     1                       0
     75 squad[16,24]                                     1                       0
     76 squad[16,25]                                     1                       0
     77 squad[16,26]                                     1                       0
     78 squad[133,21]                                    1                       0
     85 squad[313,22]                                    1                       0
     86 squad[313,23]                                    1                       0
     87 squad[313,24]                                    1                       0
     88 squad[313,25]                                    1                       0
     89 squad[313,26]                                    1                       0
    103 squad[19,22]                                     1                       0
    104 squad[19,23]                                     1                       0
    120 squad[357,21]                                    1                       0
    145 squad[124,22]                                    1                       0
    146 squad[124,23]                                    1                       0
    147 squad[124,24]                                    1                       0
    148 squad[124,25]                                    1                       0
    149 squad[124,26]                                    1                       0
    151 squad[238,22]                                    1                       0
    152 squad[238,23]                                    1                       0
    153 squad[238,24]                                    1                       0
    154 squad[238,25]                                    1                       0
    155 squad[238,26]                                    1                       0
    225 squad[107,24]                                    1                       0
    226 squad[107,25]                                    1                       0
    227 squad[107,26]                                    1                       0
    270 squad[210,21]                                    1                       0
    330 squad[358,21]                                    1                       0
    349 squad[619,22]                                    1                       0
    350 squad[619,23]                                    1                       0
    351 squad[619,24]                                    1                       0
    352 squad[619,25]                                    1                       0
    353 squad[619,26]                                    1                       0
    378 squad[160,21]                                    1                       0
    421 squad[235,22]                                    1                       0
    422 squad[235,23]                                    1                       0
    423 squad[235,24]                                    1                       0
    424 squad[235,25]                                    1                       0
    425 squad[235,26]                                    1                       0
    481 squad[39,22]                                     1                       0
    482 squad[39,23]                                     1                       0
    483 squad[39,24]                                     1                       0
    484 squad[39,25]                                     1                       0
    485 squad[39,26]                                     1                       0
    528 squad[346,21]                                    1                       0
    541 squad[596,22]                                    1                       0
    542 squad[596,23]                                    1                       0
    543 squad[596,24]                                    1                       0
    544 squad[596,25]                                    1                       0
    545 squad[596,26]                                    1                       0
    888 squad[345,21]                                    1                       0
   2022 squad[112,21]                                    1                       0
   5588 lineup[318,22]                                   1               -7.845887
   5589 lineup[318,23]                                   1              -11.790356
   5590 lineup[318,24]                                   1               -5.148578
   5591 lineup[318,25]                                   1               -4.267331
   5592 lineup[318,26]                                   1               -2.335181
   5595 lineup[13,24]                                    1               -3.126255
   5596 lineup[13,25]                                    1                -2.61761
   5597 lineup[13,26]                                    1               -2.360993
   5598 lineup[283,22]                                   1               -6.297147
   5599 lineup[283,23]                                   1               -5.262134
   5600 lineup[283,24]                                   1               -3.458086
   5601 lineup[283,25]                                   1               -3.087295
   5602 lineup[283,26]                                   1               -2.865288
   5603 lineup[335,22]                                   1              -10.661611
   5604 lineup[335,23]                                   1                -4.32923
   5605 lineup[335,24]                                   1               -2.930668
   5606 lineup[335,25]                                   1               -2.393301
   5607 lineup[335,26]                                   1               -1.746976
   5608 lineup[333,22]                                   1               -9.859094
   5619 lineup[301,23]                                   1               -7.319312
   5628 lineup[332,22]                                   1              -10.488482
   5629 lineup[332,23]                                   1               -3.168549
   5630 lineup[332,24]                                   1                -3.14579
   5631 lineup[332,25]                                   1               -2.404101
   5632 lineup[332,26]                                   1               -1.522763
   5644 lineup[307,23]                                   1               -6.083721
   5645 lineup[307,24]                                   1               -2.639102
   5646 lineup[307,25]                                   1               -2.481492
   5647 lineup[307,26]                                   1               -1.845508
   5648 lineup[16,22]                                    1               -4.473252
   5649 lineup[16,23]                                    1               -7.213917
   5650 lineup[16,24]                                    1               -2.926929
   5652 lineup[16,26]                                    1                -1.99008
   5659 lineup[313,23]                                   1               -6.750609
   5660 lineup[313,24]                                   1               -3.160759
   5661 lineup[313,25]                                   1               -2.119872
   5662 lineup[313,26]                                   1               -1.866667
   5673 lineup[19,22]                                    1               -5.409531
   5674 lineup[19,23]                                    1                -7.87124
   5708 lineup[124,22]                                   1               -5.954695
   5709 lineup[124,23]                                   1               -3.299293
   5710 lineup[124,24]                                   1               -2.931687
   5711 lineup[124,25]                                   1               -2.060658
   5712 lineup[124,26]                                   1               -1.860379
   5713 lineup[238,22]                                   1               -6.841111
   5775 lineup[107,24]                                   1               -3.081598
   5776 lineup[107,25]                                   1               -2.062121
   5777 lineup[107,26]                                   1               -1.719117
   5878 lineup[619,22]                                   1               -6.974554
   5938 lineup[235,22]                                   1               -6.053495
   5941 lineup[235,25]                                   1               -2.231588
   5991 lineup[39,25]                                    1               -2.348564
   5992 lineup[39,26]                                    1               -2.319511
   6039 lineup[596,23]                                   1               -3.271428
   6040 lineup[596,24]                                   1               -3.483906
   8129 captain[318,23]                                  1              -11.790356
   8130 captain[318,24]                                  1               -5.148578
   8131 captain[318,25]                                  1               -4.267331
   8142 captain[283,26]                                  1               -2.865288
   8143 captain[335,22]                                  1              -10.661611
  10677 vicecap[13,26]                                   1               -0.236099
  10681 vicecap[283,25]                                  1               -0.308729
  10708 vicecap[332,22]                                  1               -1.048848
  10754 vicecap[19,23]                                   1               -0.787124
  11120 vicecap[596,24]                                  1               -0.348391
  13428 bench[307,22,0]                                  1               -0.107353
  13461 bench[16,25,1]                                   1               -0.355298
  13489 bench[313,22,1]                                  1                -0.89338
  13712 bench[238,23,0]                                  1               -0.077171
  13716 bench[238,24,0]                                  1               -0.076558
  13720 bench[238,25,0]                                  1                -0.06519
  13724 bench[238,26,0]                                  1               -0.046568
  14373 bench[619,23,1]                                  1               -0.535757
  14379 bench[619,24,3]                                  1               -0.003028
  14383 bench[619,25,3]                                  1               -0.003776
  14386 bench[619,26,2]                                  1               -0.052724
  14614 bench[235,23,2]                                  1               -0.114138
  14617 bench[235,24,1]                                  1               -0.487153
  14627 bench[235,26,3]                                  1               -0.002437
  14810 bench[39,22,2]                                   1               -0.208786
  14815 bench[39,23,3]                                   1                -0.00481
  14818 bench[39,24,2]                                   1               -0.103249
  15011 bench[596,22,3]                                  1               -0.008451
  15022 bench[596,25,2]                                  1               -0.079966
  15025 bench[596,26,1]                                  1                -0.26279
  23375 transfer_in[13,24]                               1               2.7484596
  23378 transfer_in[283,22]                              1               8.9494784
  23388 transfer_in[333,22]                              1               6.9218622
  23399 transfer_in[301,23]                              1                6.239725
  23438 transfer_in[313,22]                              1                 3.49589
  23453 transfer_in[19,22]                               1               4.6844926
  23488 transfer_in[124,22]                              1               3.5658078
  23493 transfer_in[238,22]                              1                3.146301
  23555 transfer_in[107,24]                              1               1.7429256
  23658 transfer_in[619,22]                              1                 3.49589
  23718 transfer_in[235,22]                              1                3.146301
  23768 transfer_in[39,22]                               1               3.0064654
  23818 transfer_in[596,22]                              1               3.2162188
  25908 tr_out_first[133,22]                             1               -3.146301
  25913 tr_out_first[357,22]                             1              -4.1251502
  25918 tr_out_first[358,22]                             1               -3.146301
  25928 tr_out_first[13,22]                              1              -5.6633418
  25938 tr_out_first[210,22]                             1              -4.8243282
  25964 tr_out_reg[333,23]                               1              -4.9418622
  25973 tr_out_reg[301,22]                               1               -8.739725
  25975 tr_out_reg[301,24]                               1               -4.189725
  26030 tr_out_reg[19,24]                                1              -2.2456926
  26258 tr_out_reg[160,22]                               1              -5.1039994
  26383 tr_out_reg[346,22]                               1               -3.146301
  26683 tr_out_reg[345,22]                               1               -4.544657
  27628 tr_out_reg[112,22]                               1              -3.5658078
  28483 itb[21]                                        0.2                       0
  28484 itb[22]                                        3.6           5.5511151e-17
  28485 itb[23]                                          1                       0
  28486 itb[24]                                        6.8                       0
  28487 itb[25]                                        6.8                       0
  28488 itb[26]                                        6.8                       0
  28490 ft[22]                                           2                    -1.5
  28491 ft[23]                                           1                   -1.23
  28492 ft[24]                                           1                 -1.0086
  28493 ft[25]                                           1               -0.827052
  28494 ft[26]                                           2               -0.678183
  28497 pt[24]                                           1                  2.6896
  28504 aux[26]                                          1                       0
  28505 use_wc[22]                                       1                       0
