Optimal (within gap tolerance) - objective value -261.27659006
      0 squad[318,21]                                    1                       0
      1 squad[318,22]                                    1                       0
      2 squad[318,23]                                    1                       0
      3 squad[318,24]                                    1                       0
      4 squad[318,25]                                    1                       0
      5 squad[318,26]                                    1                       0
      6 squad[13,21]                                     1                       0
      7 squad[13,22]                                     1                       0
      8 squad[13,23]                                     1                       0
      9 squad[13,24]                                     1                       0
     10 squad[13,25]                                     1                       0
     11 squad[13,26]                                     1                       0
     15 squad[283,24]                                    1                       0
     16 squad[283,25]                                    1                       0
     17 squad[283,26]                                    1                       0
     18 squad[335,21]                                    1                       0
     19 squad[335,22]                                    1                       0
     20 squad[335,23]                                    1                       0
     21 squad[335,24]                                    1                       0
     22 squad[335,25]                                    1                       0
     23 squad[335,26]                                    1                       0
     25 squad[333,22]                                    1                       0
     32 squad[7,23]                                      1                       0
     33 squad[7,24]                                      1                       0
     34 squad[7,25]                                      1                       0
     35 squad[7,26]                                      1                       0
     36 squad[301,21]                                    1                       0
     38 squad[301,23]                                    1                       0
     48 squad[332,21]                                    1                       0
     49 squad[332,22]                                    1                       0
     50 squad[332,23]                                    1                       0
     51 squad[332,24]                                    1                       0
     52 squad[332,25]                                    1                       0
     53 squad[332,26]                                    1                       0
     62 squad[26,23]                                     1                       0
     63 squad[26,24]                                     1                       0
     64 squad[26,25]                                     1                       0
     65 squad[26,26]                                     1                       0
     66 squad[307,21]                                    1                       0
     67 squad[307,22]                                    1                       0
     68 squad[307,23]                                    1                       0
     69 squad[307,24]                                    1                       0
     70 squad[307,25]                                    1                       0
     71 squad[307,26]                                    1                       0
     72 squad[16,21]                                     1                       0
     73 squad[16,22]                                     1                       0
     78 squad[133,21]                                    1                       0
     79 squad[133,22]                                    1                       0
     80 squad[133,23]                                    1                       0
     81 squad[133,24]                                    1                       0
     82 squad[133,25]                                    1                       0
     83 squad[133,26]                                    1                       0
    120 squad[357,21]                                    1                       0
    121 squad[357,22]                                    1                       0
    122 squad[357,23]                                    1                       0
    123 squad[357,24]                                    1                       0
    124 squad[357,25]                                    1                       0
    125 squad[357,26]                                    1                       0
    213 squad[586,24]                                    1                       0
    214 squad[586,25]                                    1                       0
    215 squad[586,26]                                    1                       0
    270 squad[210,21]                                    1                       0
    271 squad[210,22]                                    1                       0
    272 squad[210,23]                                    1                       0
    273 squad[210,24]                                    1                       0
    274 squad[210,25]                                    1                       0
    275 squad[210,26]                                    1                       0
    330 squad[358,21]                                    1                       0
    331 squad[358,22]                                    1                       0
    332 squad[358,23]                                    1                       0
    333 squad[358,24]                                    1                       0
    334 squad[358,25]                                    1                       0
    335 squad[358,26]                                    1                       0
    349 squad[619,22]                                    1                       0
    350 squad[619,23]                                    1                       0
    351 squad[619,24]                                    1                       0
    352 squad[619,25]                                    1                       0
    353 squad[619,26]                                    1                       0
    378 squad[160,21]                                    1                       0
    528 squad[346,21]                                    1                       0
    529 squad[346,22]                                    1                       0
    530 squad[346,23]                                    1                       0
    531 squad[346,24]                                    1                       0
    532 squad[346,25]                                    1                       0
    533 squad[346,26]                                    1                       0
    888 squad[345,21]                                    1                       0
   2022 squad[112,21]                                    1                       0
   2023 squad[112,22]                                    1                       0
   2024 squad[112,23]                                    1                       0
   2215 squad[509,22]                                    1                       0
   5588 lineup[318,22]                                   1               -6.574181
   5589 lineup[318,23]                                   1               -11.03843
   5590 lineup[318,24]                                   1               -5.130752
   5591 lineup[318,25]                                   1               -4.122541
   5592 lineup[318,26]                                   1               -2.933214
   5593 lineup[13,22]                                    1                 -5.5056
   5594 lineup[13,23]                                    1               -8.757996
   5595 lineup[13,24]                                    1                -2.32362
   5596 lineup[13,25]                                    1               -3.054464
   5597 lineup[13,26]                                    1               -2.465786
   5600 lineup[283,24]                                   1               -3.833978
   5601 lineup[283,25]                                   1               -3.750511
   5602 lineup[283,26]                                   1               -2.744347
   5603 lineup[335,22]                                   1               -11.31552
   5604 lineup[335,23]                                   1               -4.092119
   5605 lineup[335,24]                                   1               -2.636756
   5606 lineup[335,25]                                   1               -2.104736
   5607 lineup[335,26]                                   1               -1.541623
   5608 lineup[333,22]                                   1               -10.89582
   5614 lineup[7,23]                                     1               -7.491465
   5615 lineup[7,24]                                     1               -2.841628
   5616 lineup[7,25]                                     1               -2.823303
   5617 lineup[7,26]                                     1               -2.464996
   5619 lineup[301,23]                                   1               -7.055269
   5628 lineup[332,22]                                   1               -9.706393
   5630 lineup[332,24]                                   1               -2.802272
   5631 lineup[332,25]                                   1               -2.359696
   5632 lineup[332,26]                                   1               -1.237472
   5639 lineup[26,23]                                    1               -6.123241
   5640 lineup[26,24]                                    1               -2.798775
   5641 lineup[26,25]                                    1               -1.892773
   5642 lineup[26,26]                                    1               -2.290178
   5644 lineup[307,23]                                   1               -6.094662
   5646 lineup[307,25]                                   1               -2.505542
   5648 lineup[16,22]                                    1               -5.305643
   5653 lineup[133,22]                                   1               -5.021848
   5655 lineup[133,24]                                   1               -3.417434
   5657 lineup[133,26]                                   1               -2.085738
   5688 lineup[357,22]                                   1               -5.228824
   5689 lineup[357,23]                                   1                -4.33602
   5690 lineup[357,24]                                   1               -2.371702
   5691 lineup[357,25]                                   1               -2.472128
   5765 lineup[586,24]                                   1               -2.607456
   5767 lineup[586,26]                                   1               -1.827748
   5814 lineup[210,23]                                   1               -3.372421
   5815 lineup[210,24]                                   1               -2.166036
   5816 lineup[210,25]                                   1               -2.296516
   5817 lineup[210,26]                                   1               -1.821593
   5863 lineup[358,22]                                   1               -4.316654
   5864 lineup[358,23]                                   1               -3.677397
   5866 lineup[358,25]                                   1               -2.110788
   5878 lineup[619,22]                                   1               -7.044527
   5879 lineup[619,23]                                   1               -3.313453
   6032 lineup[346,26]                                   1               -1.238212
   7433 lineup[509,22]                                   1               -2.226851
   8129 captain[318,23]                                  1               -11.03843
   8130 captain[318,24]                                  1               -5.130752
   8131 captain[318,25]                                  1               -4.122541
   8132 captain[318,26]                                  1               -2.933214
   8143 captain[335,22]                                  1               -11.31552
  10674 vicecap[13,23]                                   1              -0.8757996
  10680 vicecap[283,24]                                  1              -0.3833978
  10681 vicecap[283,25]                                  1              -0.3750511
  10682 vicecap[283,26]                                  1              -0.2744347
  10688 vicecap[333,22]                                  1               -1.089582
  13373 bench[332,23,1]                                  1              -0.6887185
  13428 bench[307,22,0]                                  1               -0.102546
  13436 bench[307,24,0]                                  1             -0.08950224
  13444 bench[307,26,0]                                  1             -0.05460589
  13472 bench[133,23,0]                                  1              -0.1087702
  13480 bench[133,25,0]                                  1             -0.06497852
  13625 bench[357,26,1]                                  1              -0.2440456
  13923 bench[586,25,3]                                  1            -0.004072918
  14110 bench[210,22,2]                                  1               -0.135404
  14317 bench[358,24,1]                                  1              -0.4035376
  14326 bench[358,26,2]                                  1              -0.0564792
  14378 bench[619,24,2]                                  1             -0.08097703
  14381 bench[619,25,1]                                  1               -0.323029
  14387 bench[619,26,3]                                  1            -0.002514105
  14969 bench[346,22,1]                                  1              -0.7690559
  14974 bench[346,23,2]                                  1              -0.1903778
  14979 bench[346,24,3]                                  1            -0.003888993
  14982 bench[346,25,2]                                  1             -0.09006115
  19951 bench[112,22,3]                                  1             -0.00438783
  19955 bench[112,23,3]                                  1           -0.0009409027
  23380 transfer_in[283,24]                              1               4.2902778
  23388 transfer_in[333,22]                              1               6.9218617
  23394 transfer_in[7,23]                                1               3.4443279
  23399 transfer_in[301,23]                              1               6.2397244
  23419 transfer_in[26,23]                               1               2.6456431
  23545 transfer_in[586,24]                              1               1.5083008
  23658 transfer_in[619,22]                              1               3.4958898
  25213 transfer_in[509,22]                              1               2.9365474
  25964 tr_out_reg[333,23]                               1              -4.9418617
  25973 tr_out_reg[301,22]                               1              -8.7397244
  25975 tr_out_reg[301,24]                               1              -4.1897244
  26004 tr_out_reg[16,23]                                1              -2.5957253
  26258 tr_out_reg[160,22]                               1               -5.103999
  26683 tr_out_reg[345,22]                               1              -4.5446567
  27630 tr_out_reg[112,24]                               1              -1.7094075
  27789 tr_out_reg[509,23]                               1              -2.0965474
  28483 itb[21]                                        0.2                       0
  28484 itb[22]                                        7.4           5.5511151e-17
  28485 itb[23]                                          2                       0
  28486 itb[24]                                        2.3           2.7755576e-17
  28487 itb[25]                                        2.3           1.3877788e-17
  28488 itb[26]                                        2.3                       0
  28490 ft[22]                                           2                    -1.5
  28491 ft[23]                                           1                   -1.23
  28492 ft[24]                                           1                 -1.0086
  28493 ft[25]                                           1               -0.827052
  28494 ft[26]                                           2              -0.6781826
  28495 pt[22]                                           1                       4
  28496 pt[23]                                           2                    3.28
  28497 pt[24]                                           1                  2.6896
  28504 aux[26]                                          1                       0
