Optimal (within gap tolerance) - objective value -199.93655800
      1 squad[308,1]                                    1                      0
      2 squad[308,2]                                    1                      0
      3 squad[308,3]                                    1                      0
      4 squad[308,4]                                    1                      0
      6 squad[355,1]                                    1                      0
      7 squad[355,2]                                    1                      0
      8 squad[355,3]                                    1                      0
      9 squad[355,4]                                    1                      0
     16 squad[373,1]                                    1                      0
     17 squad[373,2]                                    1                      0
     18 squad[373,3]                                    1                      0
     19 squad[373,4]                                    1                      0
     56 squad[108,1]                                    1                      0
     57 squad[108,2]                                    1                      0
     58 squad[108,3]                                    1                      0
     59 squad[108,4]                                    1                      0
     61 squad[143,1]                                    1                      0
     62 squad[143,2]                                    1                      0
     63 squad[143,3]                                    1                      0
     64 squad[143,4]                                    1                      0
     71 squad[134,1]                                    1                      0
     72 squad[134,2]                                    1                      0
     73 squad[134,3]                                    1                      0
     74 squad[134,4]                                    1                      0
    121 squad[17,1]                                     1                      0
    122 squad[17,2]                                     1                      0
    123 squad[17,3]                                     1                      0
    124 squad[17,4]                                     1                      0
    131 squad[5,1]                                      1                      0
    132 squad[5,2]                                      1                      0
    133 squad[5,3]                                      1                      0
    134 squad[5,4]                                      1                      0
    136 squad[131,1]                                    1                      0
    137 squad[131,2]                                    1                      0
    138 squad[131,3]                                    1                      0
    139 squad[131,4]                                    1                      0
    176 squad[398,1]                                    1                      0
    177 squad[398,2]                                    1                      0
    178 squad[398,3]                                    1                      0
    179 squad[398,4]                                    1                      0
    186 squad[230,1]                                    1                      0
    187 squad[230,2]                                    1                      0
    188 squad[230,3]                                    1                      0
    189 squad[230,4]                                    1                      0
    191 squad[20,1]                                     1                      0
    192 squad[20,2]                                     1                      0
    193 squad[20,3]                                     1                      0
    194 squad[20,4]                                     1                      0
    206 squad[195,1]                                    1                      0
    207 squad[195,2]                                    1                      0
    208 squad[195,3]                                    1                      0
    209 squad[195,4]                                    1                      0
   1386 squad[538,1]                                    1                      0
   1387 squad[538,2]                                    1                      0
   1388 squad[538,3]                                    1                      0
   1389 squad[538,4]                                    1                      0
   1466 squad[82,1]                                     1                      0
   1467 squad[82,2]                                     1                      0
   1468 squad[82,3]                                     1                      0
   1469 squad[82,4]                                     1                      0
   3375 lineup[308,1]                                   1                 -6.446
   3376 lineup[308,2]                                   1                -5.8424
   3377 lineup[308,3]                                   1               -3.44576
   3378 lineup[308,4]                                   1              -3.337728
   3379 lineup[355,1]                                   1                 -6.912
   3380 lineup[355,2]                                   1                 -4.016
   3381 lineup[355,3]                                   1               -4.91904
   3382 lineup[355,4]                                   1               -3.29472
   3387 lineup[373,1]                                   1                 -6.053
   3388 lineup[373,2]                                   1                -4.2976
   3389 lineup[373,3]                                   1               -3.97312
   3390 lineup[373,4]                                   1              -2.436096
   3419 lineup[108,1]                                   1                 -5.134
   3420 lineup[108,2]                                   1                -3.9224
   3421 lineup[108,3]                                   1                 -3.248
   3422 lineup[108,4]                                   1              -2.764288
   3423 lineup[143,1]                                   1                 -5.485
   3424 lineup[143,2]                                   1                -4.1848
   3425 lineup[143,3]                                   1               -3.29088
   3426 lineup[143,4]                                   1              -2.216448
   3431 lineup[134,1]                                   1                 -5.527
   3432 lineup[134,2]                                   1                -4.0232
   3433 lineup[134,3]                                   1                -3.2032
   3434 lineup[134,4]                                   1              -2.230272
   3471 lineup[17,1]                                    1                 -5.246
   3472 lineup[17,2]                                    1                -3.0776
   3473 lineup[17,3]                                    1                -3.0208
   3479 lineup[5,1]                                     1                 -5.338
   3480 lineup[5,2]                                     1                -2.9712
   3481 lineup[5,3]                                     1               -2.96832
   3482 lineup[5,4]                                     1              -1.943552
   3483 lineup[131,1]                                   1                 -5.615
   3484 lineup[131,2]                                   1                -3.5672
   3485 lineup[131,3]                                   1                -2.8992
   3486 lineup[131,4]                                   1              -1.703424
   3515 lineup[398,1]                                   1                 -4.891
   3516 lineup[398,2]                                   1                -3.0192
   3517 lineup[398,3]                                   1               -3.23008
   3526 lineup[230,4]                                   1               -2.35776
   3527 lineup[20,1]                                    1                 -5.157
   3530 lineup[20,4]                                    1              -1.835008
   3540 lineup[195,2]                                   1                 -3.148
   3541 lineup[195,3]                                   1               -3.36064
   3542 lineup[195,4]                                   1              -2.582016
   4876 captain[308,2]                                  1                -5.8424
   4878 captain[308,4]                                  1              -3.337728
   4879 captain[355,1]                                  1                 -6.912
   4881 captain[355,3]                                  1               -4.91904
   6375 vicecap[308,1]                                  1                -0.6446
   6382 vicecap[355,4]                                  1              -0.329472
   6388 vicecap[373,2]                                  1               -0.42976
   6389 vicecap[373,3]                                  1              -0.397312
   8271 bench[17,4,0]                                   1              -0.060334
   8448 bench[398,4,1]                                  1              -0.292132
   8467 bench[230,1,0]                                  1               -0.12978
   8471 bench[230,2,0]                                  1              -0.081648
   8475 bench[230,3,0]                                  1              -0.069485
   8488 bench[20,2,1]                                   1              -0.594552
   8492 bench[20,3,1]                                   1              -0.597677
   8532 bench[195,1,1]                                  1               -0.69048
  12309 bench[538,1,2]                                  1               -0.05526
  12313 bench[538,2,2]                                  1               -0.04296
  12317 bench[538,3,2]                                  1              -0.032256
  12321 bench[538,4,2]                                  1              -0.033485
  12566 bench[82,1,3]                                   1              -0.002322
  12570 bench[82,2,3]                                   1              -0.001709
  12574 bench[82,3,3]                                   1              -0.001471
  12578 bench[82,4,3]                                   1              -0.001143
  13875 transfer_in[308,1]                              1                  1.845
  13879 transfer_in[355,1]                              1                 2.0664
  13887 transfer_in[373,1]                              1                 1.2546
  13919 transfer_in[108,1]                              1                 0.9594
  13923 transfer_in[143,1]                              1                 0.9594
  13931 transfer_in[134,1]                              1                 0.9594
  13971 transfer_in[17,1]                               1                  0.738
  13979 transfer_in[5,1]                                1                  0.738
  13983 transfer_in[131,1]                              1                  0.738
  14015 transfer_in[398,1]                              1                 0.8118
  14023 transfer_in[230,1]                              1                 0.6642
  14027 transfer_in[20,1]                               1                  0.738
  14039 transfer_in[195,1]                              1                 0.8118
  14983 transfer_in[538,1]                              1                 0.6642
  15047 transfer_in[82,1]                               1                 0.6642
  16875 itb[0]                                        100                      0
  16876 itb[1]                                          1                      0
  16877 itb[2]                                          1                      0
  16878 itb[3]                                          1                      0
  16879 itb[4]                                          1                      0
  16881 ft[1]                                           1                   -1.5
  16882 ft[2]                                           1                   -1.2
  16883 ft[3]                                           2                  -0.96
  16884 ft[4]                                           2                 -0.768
  16891 aux[3]                                          1                      0
  16892 aux[4]                                          1                      0
