Optimal (within gap tolerance) - objective value -214.97108700
      2 squad[333,37]                                    1                       0
      3 squad[333,38]                                    1                       0
      4 squad[318,35]                                    1                       0
      5 squad[318,36]                                    1                       0
      6 squad[318,37]                                    1                       0
      7 squad[318,38]                                    1                       0
      8 squad[124,35]                                    1                       0
      9 squad[124,36]                                    1                       0
     10 squad[124,37]                                    1                       0
     11 squad[124,38]                                    1                       0
     12 squad[335,35]                                    1                       0
     13 squad[335,36]                                    1                       0
     14 squad[335,37]                                    1                       0
     15 squad[335,38]                                    1                       0
     16 squad[116,35]                                    1                       0
     17 squad[116,36]                                    1                       0
     18 squad[116,37]                                    1                       0
     19 squad[116,38]                                    1                       0
     20 squad[283,35]                                    1                       0
     21 squad[283,36]                                    1                       0
     23 squad[283,38]                                    1                       0
     36 squad[357,35]                                    1                       0
     37 squad[357,36]                                    1                       0
     38 squad[357,37]                                    1                       0
     39 squad[357,38]                                    1                       0
     40 squad[102,35]                                    1                       0
     41 squad[102,36]                                    1                       0
     42 squad[102,37]                                    1                       0
     43 squad[102,38]                                    1                       0
     45 squad[332,36]                                    1                       0
     46 squad[332,37]                                    1                       0
     47 squad[332,38]                                    1                       0
     69 squad[594,36]                                    1                       0
     70 squad[594,37]                                    1                       0
     71 squad[594,38]                                    1                       0
     76 squad[303,35]                                    1                       0
     77 squad[303,36]                                    1                       0
     78 squad[303,37]                                    1                       0
     92 squad[377,35]                                    1                       0
     93 squad[377,36]                                    1                       0
     94 squad[377,37]                                    1                       0
     95 squad[377,38]                                    1                       0
    100 squad[175,35]                                    1                       0
    101 squad[175,36]                                    1                       0
    102 squad[175,37]                                    1                       0
    103 squad[175,38]                                    1                       0
    112 squad[285,35]                                    1                       0
    132 squad[312,35]                                    1                       0
    133 squad[312,36]                                    1                       0
    134 squad[312,37]                                    1                       0
    156 squad[40,35]                                     1                       0
    172 squad[66,35]                                     1                       0
    173 squad[66,36]                                     1                       0
    174 squad[66,37]                                     1                       0
    175 squad[66,38]                                     1                       0
    199 squad[10,38]                                     1                       0
    360 squad[290,35]                                    1                       0
    361 squad[290,36]                                    1                       0
    362 squad[290,37]                                    1                       0
    363 squad[290,38]                                    1                       0
   2703 lineup[333,37]                                   1                -9.50895
   2704 lineup[333,38]                                   1               -4.156542
   2705 lineup[318,36]                                   1                  -5.935
   2706 lineup[318,37]                                   1                -8.83065
   2707 lineup[318,38]                                   1               -4.148595
   2708 lineup[124,36]                                   1                  -7.967
   2709 lineup[124,37]                                   1                 -7.4375
   2710 lineup[124,38]                                   1               -3.191282
   2711 lineup[335,36]                                   1                  -5.345
   2712 lineup[335,37]                                   1                 -8.4932
   2713 lineup[335,38]                                   1               -3.655127
   2714 lineup[116,36]                                   1                  -7.666
   2715 lineup[116,37]                                   1                -7.13065
   2716 lineup[116,38]                                   1                -2.73683
   2717 lineup[283,36]                                   1                  -6.189
   2719 lineup[283,38]                                   1               -4.504065
   2729 lineup[357,36]                                   1                  -8.385
   2730 lineup[357,37]                                   1                 -4.1599
   2731 lineup[357,38]                                   1                -3.05184
   2732 lineup[102,36]                                   1                  -6.145
   2733 lineup[102,37]                                   1                -6.48975
   2735 lineup[332,36]                                   1                  -5.153
   2736 lineup[332,37]                                   1                 -6.7269
   2737 lineup[332,38]                                   1                -3.05473
   2753 lineup[594,36]                                   1                  -7.394
   2760 lineup[303,37]                                   1                  -6.069
   2771 lineup[377,36]                                   1                  -6.685
   2772 lineup[377,37]                                   1                 -3.4272
   2779 lineup[175,38]                                   1                -3.60383
   2802 lineup[312,37]                                   1                   -5.44
   2831 lineup[66,36]                                    1                  -4.133
   2833 lineup[66,38]                                    1               -2.980312
   2851 lineup[10,38]                                    1               -3.267145
   3861 captain[333,37]                                  1                -9.50895
   3877 captain[283,38]                                  1               -4.504065
   3887 captain[357,36]                                  1                  -8.385
   5020 vicecap[333,38]                                  1               -0.415654
   5022 vicecap[318,37]                                  1               -0.883065
   5024 vicecap[124,36]                                  1                 -0.7967
   6304 bench[102,38,0]                                  1               -0.080024
   6386 bench[594,37,2]                                  1               -0.183243
   6389 bench[594,38,1]                                  1               -0.568665
   6405 bench[303,36,1]                                  1                -0.75558
   6462 bench[377,38,2]                                  1                -0.14765
   6476 bench[175,36,0]                                  1                  -0.135
   6480 bench[175,37,0]                                  1               -0.107202
   6574 bench[312,36,2]                                  1                -0.20856
   6697 bench[66,37,1]                                   1               -0.684012
   7259 bench[290,36,3]                                  1               -0.008637
   7263 bench[290,37,3]                                  1               -0.008514
   7267 bench[290,38,3]                                  1               -0.007268
  10809 transfer_in[333,37]                              1                  2.9563
  10825 transfer_in[283,38]                              1                 1.89295
  10841 transfer_in[332,36]                              1                 2.62395
  10859 transfer_in[594,36]                              1                  3.6015
  10957 transfer_in[10,38]                               1                  0.7225
  11972 tr_out_first[285,36]                             1                 -3.8073
  11982 tr_out_first[283,37]                             1                -4.05705
  11993 tr_out_first[40,36]                              1                 -3.8073
  12055 tr_out_reg[303,38]                               1                -1.05485
  12097 tr_out_reg[312,38]                               1                  -0.867
  13154 itb[35]                                        0.5                       0
  13155 itb[36]                                        3.2                       0
  13156 itb[37]                                        6.7           2.7755576e-17
  13157 itb[38]                                        1.9                       0
  13159 ft[36]                                           2                    -1.5
  13160 ft[37]                                           1                  -1.275
  13161 ft[38]                                           1                -1.08375
  13164 pt[38]                                           1                    2.89
