Optimal (within gap tolerance) - objective value -900.83899850
      0 squad[355,5]                                     1                      0
      2 squad[355,7]                                     1                      0
      6 squad[355,11]                                    1                      0
      7 squad[355,12]                                    1                      0
      8 squad[355,13]                                    1                      0
      9 squad[355,14]                                    1                      0
     10 squad[355,15]                                    1                      0
     11 squad[355,16]                                    1                      0
     12 squad[355,17]                                    1                      0
     13 squad[308,5]                                     1                      0
     14 squad[308,6]                                     1                      0
     15 squad[308,7]                                     1                      0
     16 squad[308,8]                                     1                      0
     17 squad[308,9]                                     1                      0
     18 squad[308,10]                                    1                      0
     19 squad[308,11]                                    1                      0
     20 squad[308,12]                                    1                      0
     21 squad[308,13]                                    1                      0
     22 squad[308,14]                                    1                      0
     23 squad[308,15]                                    1                      0
     24 squad[308,16]                                    1                      0
     25 squad[308,17]                                    1                      0
     27 squad[516,6]                                     1                      0
     28 squad[516,7]                                     1                      0
     29 squad[516,8]                                     1                      0
     30 squad[516,9]                                     1                      0
     31 squad[516,10]                                    1                      0
     39 squad[19,5]                                      1                      0
     40 squad[19,6]                                      1                      0
     41 squad[19,7]                                      1                      0
     42 squad[19,8]                                      1                      0
     43 squad[19,9]                                      1                      0
     44 squad[19,10]                                     1                      0
     45 squad[19,11]                                     1                      0
     46 squad[19,12]                                     1                      0
     47 squad[19,13]                                     1                      0
     48 squad[19,14]                                     1                      0
     49 squad[19,15]                                     1                      0
     50 squad[19,16]                                     1                      0
     51 squad[19,17]                                     1                      0
     52 squad[108,5]                                     1                      0
     53 squad[108,6]                                     1                      0
     54 squad[108,7]                                     1                      0
     55 squad[108,8]                                     1                      0
     56 squad[108,9]                                     1                      0
     57 squad[108,10]                                    1                      0
     58 squad[108,11]                                    1                      0
     59 squad[108,12]                                    1                      0
     60 squad[108,13]                                    1                      0
     61 squad[108,14]                                    1                      0
     62 squad[108,15]                                    1                      0
     63 squad[108,16]                                    1                      0
     64 squad[108,17]                                    1                      0
     71 squad[526,11]                                    1                      0
     72 squad[526,12]                                    1                      0
     73 squad[526,13]                                    1                      0
     74 squad[526,14]                                    1                      0
     75 squad[526,15]                                    1                      0
     76 squad[526,16]                                    1                      0
     77 squad[526,17]                                    1                      0
     78 squad[373,5]                                     1                      0
     94 squad[504,8]                                     1                      0
     95 squad[504,9]                                     1                      0
    109 squad[140,10]                                    1                      0
    110 squad[140,11]                                    1                      0
    111 squad[140,12]                                    1                      0
    112 squad[140,13]                                    1                      0
    113 squad[140,14]                                    1                      0
    114 squad[140,15]                                    1                      0
    115 squad[140,16]                                    1                      0
    116 squad[140,17]                                    1                      0
    157 squad[343,6]                                     1                      0
    209 squad[225,6]                                     1                      0
    210 squad[225,7]                                     1                      0
    211 squad[225,8]                                     1                      0
    212 squad[225,9]                                     1                      0
    213 squad[225,10]                                    1                      0
    214 squad[225,11]                                    1                      0
    215 squad[225,12]                                    1                      0
    216 squad[225,13]                                    1                      0
    217 squad[225,14]                                    1                      0
    218 squad[225,15]                                    1                      0
    219 squad[225,16]                                    1                      0
    220 squad[225,17]                                    1                      0
    221 squad[131,5]                                     1                      0
    222 squad[131,6]                                     1                      0
    223 squad[131,7]                                     1                      0
    224 squad[131,8]                                     1                      0
    225 squad[131,9]                                     1                      0
    226 squad[131,10]                                    1                      0
    227 squad[131,11]                                    1                      0
    228 squad[131,12]                                    1                      0
    229 squad[131,13]                                    1                      0
    230 squad[131,14]                                    1                      0
    231 squad[131,15]                                    1                      0
    232 squad[131,16]                                    1                      0
    233 squad[131,17]                                    1                      0
    248 squad[132,6]                                     1                      0
    249 squad[132,7]                                     1                      0
    250 squad[132,8]                                     1                      0
    251 squad[132,9]                                     1                      0
    252 squad[132,10]                                    1                      0
    253 squad[132,11]                                    1                      0
    254 squad[132,12]                                    1                      0
    255 squad[132,13]                                    1                      0
    256 squad[132,14]                                    1                      0
    257 squad[132,15]                                    1                      0
    258 squad[132,16]                                    1                      0
    259 squad[132,17]                                    1                      0
    300 squad[220,6]                                     1                      0
    301 squad[220,7]                                     1                      0
    302 squad[220,8]                                     1                      0
    303 squad[220,9]                                     1                      0
    304 squad[220,10]                                    1                      0
    305 squad[220,11]                                    1                      0
    306 squad[220,12]                                    1                      0
    307 squad[220,13]                                    1                      0
    308 squad[220,14]                                    1                      0
    309 squad[220,15]                                    1                      0
    310 squad[220,16]                                    1                      0
    311 squad[220,17]                                    1                      0
    339 squad[113,6]                                     1                      0
    340 squad[113,7]                                     1                      0
    341 squad[113,8]                                     1                      0
    342 squad[113,9]                                     1                      0
    343 squad[113,10]                                    1                      0
    344 squad[113,11]                                    1                      0
    345 squad[113,12]                                    1                      0
    346 squad[113,13]                                    1                      0
    347 squad[113,14]                                    1                      0
    348 squad[113,15]                                    1                      0
    349 squad[113,16]                                    1                      0
    350 squad[113,17]                                    1                      0
    380 squad[36,8]                                      1                      0
    381 squad[36,9]                                      1                      0
    382 squad[36,10]                                     1                      0
    396 squad[544,11]                                    1                      0
    397 squad[544,12]                                    1                      0
    398 squad[544,13]                                    1                      0
    399 squad[544,14]                                    1                      0
    400 squad[544,15]                                    1                      0
    401 squad[544,16]                                    1                      0
    402 squad[544,17]                                    1                      0
    403 squad[143,5]                                     1                      0
    442 squad[511,5]                                     1                      0
    443 squad[511,6]                                     1                      0
    444 squad[511,7]                                     1                      0
    445 squad[511,8]                                     1                      0
    446 squad[511,9]                                     1                      0
    447 squad[511,10]                                    1                      0
    448 squad[511,11]                                    1                      0
    449 squad[511,12]                                    1                      0
    450 squad[511,13]                                    1                      0
    451 squad[511,14]                                    1                      0
    452 squad[511,15]                                    1                      0
    453 squad[511,16]                                    1                      0
    454 squad[511,17]                                    1                      0
    521 squad[405,6]                                     1                      0
    522 squad[405,7]                                     1                      0
    601 squad[275,8]                                     1                      0
    602 squad[275,9]                                     1                      0
    603 squad[275,10]                                    1                      0
    604 squad[275,11]                                    1                      0
    605 squad[275,12]                                    1                      0
    606 squad[275,13]                                    1                      0
    607 squad[275,14]                                    1                      0
    608 squad[275,15]                                    1                      0
    609 squad[275,16]                                    1                      0
    610 squad[275,17]                                    1                      0
    650 squad[112,5]                                     1                      0
    654 squad[112,9]                                     1                      0
    655 squad[112,10]                                    1                      0
    656 squad[112,11]                                    1                      0
    657 squad[112,12]                                    1                      0
    658 squad[112,13]                                    1                      0
    659 squad[112,14]                                    1                      0
    660 squad[112,15]                                    1                      0
    661 squad[112,16]                                    1                      0
    662 squad[112,17]                                    1                      0
    806 squad[20,5]                                      1                      0
   1183 squad[230,5]                                     1                      0
   1210 squad[630,6]                                     1                      0
   1211 squad[630,7]                                     1                      0
   1301 squad[614,6]                                     1                      0
   1302 squad[614,7]                                     1                      0
   2198 squad[318,6]                                     1                      0
   2199 squad[318,7]                                     1                      0
   2200 squad[318,8]                                     1                      0
   2925 squad[195,5]                                     1                      0
   3695 squad[340,8]                                     1                      0
   3696 squad[340,9]                                     1                      0
   3697 squad[340,10]                                    1                      0
   3848 squad[82,5]                                      1                      0
   3926 squad[148,5]                                     1                      0
   4719 squad[538,5]                                     1                      0
   9351 lineup[355,7]                                    1               -7.71034
   9355 lineup[355,11]                                   1               -8.20944
   9356 lineup[355,12]                                   1                -6.7173
   9357 lineup[355,13]                                   1               -6.76303
   9358 lineup[355,14]                                   1              -7.659045
   9359 lineup[355,15]                                   1              -7.568302
   9360 lineup[355,16]                                   1              -9.448938
   9361 lineup[355,17]                                   1              -7.385724
   9362 lineup[308,6]                                    1                 -6.941
   9363 lineup[308,7]                                    1               -6.72761
   9364 lineup[308,8]                                    1              -6.078776
   9365 lineup[308,9]                                    1              -7.348107
   9366 lineup[308,10]                                   1              -7.692145
   9367 lineup[308,11]                                   1              -8.666629
   9368 lineup[308,12]                                   1              -6.907312
   9369 lineup[308,13]                                   1              -5.835633
   9370 lineup[308,14]                                   1              -8.175568
   9371 lineup[308,15]                                   1              -9.213205
   9372 lineup[308,16]                                   1              -6.909411
   9373 lineup[308,17]                                   1              -7.466053
   9374 lineup[516,6]                                    1                 -5.385
   9375 lineup[516,7]                                    1               -5.58126
   9376 lineup[516,8]                                    1              -8.148559
   9377 lineup[516,9]                                    1              -6.960714
   9378 lineup[516,10]                                   1              -6.067762
   9386 lineup[19,6]                                     1                 -6.005
   9387 lineup[19,7]                                     1               -6.65186
   9388 lineup[19,8]                                     1              -5.067857
   9389 lineup[19,9]                                     1              -5.608959
   9390 lineup[19,10]                                    1               -7.23532
   9391 lineup[19,11]                                    1              -5.433722
   9392 lineup[19,12]                                    1              -7.045309
   9393 lineup[19,13]                                    1              -5.920331
   9394 lineup[19,14]                                    1               -7.20966
   9395 lineup[19,15]                                    1              -7.057551
   9396 lineup[19,16]                                    1              -6.268731
   9397 lineup[19,17]                                    1              -5.939818
   9398 lineup[108,6]                                    1                 -5.801
   9399 lineup[108,7]                                    1               -5.95294
   9400 lineup[108,8]                                    1              -5.272897
   9401 lineup[108,9]                                    1              -7.381076
   9402 lineup[108,10]                                   1                -5.2717
   9403 lineup[108,11]                                   1              -6.002318
   9404 lineup[108,12]                                   1              -5.172788
   9405 lineup[108,13]                                   1              -5.393913
   9406 lineup[108,14]                                   1              -7.787905
   9407 lineup[108,15]                                   1              -5.314217
   9408 lineup[108,16]                                   1              -8.037231
   9409 lineup[108,17]                                   1               -6.11721
   9415 lineup[526,11]                                   1              -5.074277
   9416 lineup[526,12]                                   1              -6.052788
   9417 lineup[526,13]                                   1              -6.962447
   9418 lineup[526,14]                                   1              -5.442438
   9419 lineup[526,15]                                   1               -5.54061
   9420 lineup[526,16]                                   1              -6.027923
   9421 lineup[526,17]                                   1              -6.206463
   9436 lineup[504,8]                                    1              -7.020328
   9437 lineup[504,9]                                    1              -5.913928
   9450 lineup[140,10]                                   1              -5.758703
   9451 lineup[140,11]                                   1               -5.33808
   9452 lineup[140,12]                                   1              -6.894573
   9453 lineup[140,13]                                   1              -5.667307
   9454 lineup[140,14]                                   1              -5.066687
   9455 lineup[140,15]                                   1              -5.329528
   9456 lineup[140,16]                                   1              -6.925981
   9457 lineup[140,17]                                   1              -5.051746
   9494 lineup[343,6]                                    1                 -5.166
   9542 lineup[225,6]                                    1                 -5.027
   9543 lineup[225,7]                                    1               -4.47228
   9544 lineup[225,8]                                    1              -4.878118
   9545 lineup[225,9]                                    1              -4.418961
   9546 lineup[225,10]                                   1              -4.814875
   9547 lineup[225,11]                                   1              -5.532517
   9549 lineup[225,13]                                   1              -5.717698
   9550 lineup[225,14]                                   1              -4.885849
   9551 lineup[225,15]                                   1               -5.37765
   9553 lineup[225,17]                                   1              -4.631139
   9554 lineup[131,6]                                    1                 -5.594
   9555 lineup[131,7]                                    1               -4.19453
   9558 lineup[131,10]                                   1              -5.675454
   9559 lineup[131,11]                                   1              -4.920829
   9560 lineup[131,12]                                   1              -6.612209
   9561 lineup[131,13]                                   1              -5.354244
   9562 lineup[131,14]                                   1              -4.409393
   9563 lineup[131,15]                                   1              -4.850494
   9564 lineup[131,16]                                   1              -6.837611
   9578 lineup[132,6]                                    1                 -5.159
   9580 lineup[132,8]                                    1              -4.088561
   9581 lineup[132,9]                                    1              -4.101628
   9582 lineup[132,10]                                   1              -4.804469
   9584 lineup[132,12]                                   1              -6.463596
   9588 lineup[132,16]                                   1              -6.466458
   9626 lineup[220,6]                                    1                 -5.125
   9628 lineup[220,8]                                    1               -5.50956
   9630 lineup[220,10]                                   1                -4.8232
   9631 lineup[220,11]                                   1               -5.23403
   9632 lineup[220,12]                                   1              -5.345815
   9633 lineup[220,13]                                   1               -5.36711
   9634 lineup[220,14]                                   1              -4.615135
   9635 lineup[220,15]                                   1              -5.809656
   9662 lineup[113,6]                                    1                 -4.467
   9665 lineup[113,9]                                    1              -3.922356
   9666 lineup[113,10]                                   1              -5.979311
   9668 lineup[113,12]                                   1              -5.911606
   9670 lineup[113,14]                                   1              -5.477089
   9671 lineup[113,15]                                   1              -5.129384
   9673 lineup[113,17]                                   1              -4.488334
   9700 lineup[36,8]                                     1              -4.457837
   9701 lineup[36,9]                                     1               -4.51993
   9702 lineup[36,10]                                    1              -6.653622
   9716 lineup[544,12]                                   1              -5.254525
   9717 lineup[544,13]                                   1              -5.010089
   9720 lineup[544,16]                                   1              -4.653773
   9721 lineup[544,17]                                   1              -5.287152
   9760 lineup[511,8]                                    1              -6.101218
   9761 lineup[511,9]                                    1              -4.966051
   9763 lineup[511,11]                                   1              -4.327008
   9767 lineup[511,15]                                   1              -4.794716
   9769 lineup[511,17]                                   1              -5.129843
   9830 lineup[405,6]                                    1                 -4.454
   9831 lineup[405,7]                                    1               -5.52066
   9904 lineup[275,8]                                    1              -5.057656
   9907 lineup[275,11]                                   1              -4.024317
   9909 lineup[275,13]                                   1              -4.809599
   9912 lineup[275,16]                                   1              -4.658192
   9953 lineup[112,9]                                    1              -5.215384
   9958 lineup[112,14]                                   1              -5.622192
   9960 lineup[112,16]                                   1              -4.714527
   9961 lineup[112,17]                                   1              -4.255159
  10467 lineup[630,7]                                    1               -6.83669
  10551 lineup[614,7]                                    1               -7.18413
  11379 lineup[318,7]                                    1               -6.31957
  13839 captain[355,7]                                   1               -7.71034
  13848 captain[355,16]                                  1              -9.448938
  13850 captain[308,6]                                   1                 -6.941
  13854 captain[308,10]                                  1              -7.692145
  13855 captain[308,11]                                  1              -8.666629
  13858 captain[308,14]                                  1              -8.175568
  13859 captain[308,15]                                  1              -9.213205
  13861 captain[308,17]                                  1              -7.466053
  13864 captain[516,8]                                   1              -8.148559
  13880 captain[19,12]                                   1              -7.045309
  13889 captain[108,9]                                   1              -7.381076
  13905 captain[526,13]                                  1              -6.962447
  18331 vicecap[355,11]                                  1              -0.820944
  18333 vicecap[355,13]                                  1              -0.676303
  18335 vicecap[355,15]                                  1               -0.75683
  18337 vicecap[355,17]                                  1              -0.738572
  18341 vicecap[308,9]                                   1              -0.734811
  18344 vicecap[308,12]                                  1              -0.690731
  18362 vicecap[19,6]                                    1                -0.6005
  18366 vicecap[19,10]                                   1              -0.723532
  18382 vicecap[108,14]                                  1              -0.778791
  18384 vicecap[108,16]                                  1              -0.803723
  18412 vicecap[504,8]                                   1              -0.702033
  19527 vicecap[614,7]                                   1              -0.718413
  23607 bench[225,12,1]                                  1              -1.059981
  23623 bench[225,16,1]                                  1              -1.027166
  23639 bench[131,8,1]                                   1              -0.849386
  23644 bench[131,9,2]                                   1              -0.183538
  23676 bench[131,17,2]                                  1              -0.244733
  23731 bench[132,7,1]                                   1              -0.922635
  23747 bench[132,11,1]                                  1              -0.968926
  23755 bench[132,13,1]                                  1              -1.119213
  23759 bench[132,14,1]                                  1              -0.941663
  23763 bench[132,15,1]                                  1               -0.92972
  23771 bench[132,17,1]                                  1              -0.930601
  23924 bench[220,7,2]                                   1              -0.228523
  23931 bench[220,9,1]                                   1              -0.752511
  23960 bench[220,16,2]                                  1              -0.255764
  23965 bench[220,17,3]                                  1              -0.009703
  24066 bench[113,7,0]                                   1              -0.135774
  24070 bench[113,8,0]                                   1              -0.100867
  24082 bench[113,11,0]                                  1              -0.107644
  24090 bench[113,13,0]                                  1              -0.115887
  24102 bench[113,16,0]                                  1              -0.131395
  24277 bench[544,11,3]                                  1              -0.010903
  24288 bench[544,14,2]                                  1              -0.263329
  24292 bench[544,15,2]                                  1              -0.251788
  24449 bench[511,6,3]                                   1              -0.009531
  24453 bench[511,7,3]                                   1               -0.01056
  24463 bench[511,10,1]                                  1              -0.810953
  24472 bench[511,12,2]                                  1              -0.286674
  24476 bench[511,13,2]                                  1              -0.265675
  24481 bench[511,14,3]                                  1               -0.00882
  24489 bench[511,16,3]                                  1              -0.011532
  25034 bench[275,9,0]                                   1               -0.11764
  25038 bench[275,10,0]                                  1              -0.101927
  25046 bench[275,12,0]                                  1              -0.115727
  25054 bench[275,14,0]                                  1              -0.106326
  25058 bench[275,15,0]                                  1              -0.153816
  25066 bench[275,17,0]                                  1              -0.111087
  25232 bench[112,10,2]                                  1              -0.205603
  25236 bench[112,11,2]                                  1              -0.256594
  25241 bench[112,12,3]                                  1              -0.008872
  25245 bench[112,13,3]                                  1              -0.010215
  25253 bench[112,15,3]                                  1              -0.009522
  27279 bench[630,6,1]                                   1               -0.72429
  27614 bench[614,6,0]                                   1               -0.10863
  30928 bench[318,6,2]                                   1               -0.19506
  30936 bench[318,8,2]                                   1              -0.170581
  36457 bench[340,8,3]                                   1              -0.002353
  36461 bench[340,9,3]                                   1              -0.003375
  36465 bench[340,10,3]                                  1               -0.00266
  40767 transfer_in[355,7]                               1              8.2361625
  40771 transfer_in[355,11]                              1              5.3449575
  40790 transfer_in[516,6]                               1              5.7705375
  40831 transfer_in[526,11]                              1              2.6914325
  40852 transfer_in[504,8]                               1              4.2156375
  40866 transfer_in[140,10]                              1              2.8021825
  40910 transfer_in[343,6]                               1              4.3754625
  40958 transfer_in[225,6]                               1                 3.5511
  40994 transfer_in[132,6]                               1                3.80475
  41042 transfer_in[220,6]                               1               2.916975
  41078 transfer_in[113,6]                               1                 3.0438
  41116 transfer_in[36,8]                                1              2.5080375
  41131 transfer_in[544,11]                              1              1.7058375
  41246 transfer_in[405,6]                               1              2.8535625
  41320 transfer_in[275,8]                               1               2.454675
  41369 transfer_in[112,9]                               1                2.17179
  41882 transfer_in[630,6]                               1               3.170625
  41966 transfer_in[614,6]                               1              2.8535625
  42794 transfer_in[318,6]                               1                 2.5365
  44176 transfer_in[340,8]                               1                2.34795
  45266 tr_out_first[195,6]                              1             -3.6145125
  45278 tr_out_first[20,6]                               1             -3.2340375
  45314 tr_out_first[355,6]                              1               -8.87775
  45340 tr_out_reg[355,8]                                1             -7.5241125
  45367 tr_out_reg[516,11]                               1             -3.4495825
  45410 tr_out_reg[373,6]                                1               -5.32665
  45426 tr_out_reg[504,10]                               1             -3.4057295
  45483 tr_out_reg[343,7]                                1             -4.0304625
  45691 tr_out_reg[36,11]                                1             -1.7816525
  45710 tr_out_reg[143,6]                                1             -4.1218125
  45820 tr_out_reg[405,8]                                1             -2.4013125
  45938 tr_out_reg[112,6]                                1             -2.8535625
  46430 tr_out_reg[230,6]                                1             -2.8535625
  46456 tr_out_reg[630,8]                                1              -2.668125
  46540 tr_out_reg[614,8]                                1             -2.4013125
  47369 tr_out_reg[318,9]                                1               -1.93048
  48751 tr_out_reg[340,11]                               1               -1.66793
  48890 tr_out_reg[82,6]                                 1             -2.8535625
  48962 tr_out_reg[148,6]                                1               -2.79015
  49694 tr_out_reg[538,6]                                1               -2.79015
  49826 itb[5]                                         0.5                      0
  49827 itb[6]                                         7.5                      0
  49828 itb[7]                                         0.3                      0
  49829 itb[8]                                         6.8                      0
  49830 itb[9]                                         6.3                      0
  49831 itb[10]                                        7.7                      0
  49832 itb[11]                                        0.2                      0
  49833 itb[12]                                        0.2                      0
  49834 itb[13]                                        0.2                      0
  49835 itb[14]                                        0.2                      0
  49836 itb[15]                                        0.2                      0
  49837 itb[16]                                        0.2                      0
  49838 itb[17]                                        0.2                      0
  49840 ft[6]                                            2                   -1.5
  49841 ft[7]                                            1                 -1.515
  49842 ft[8]                                            1               -1.53015
  49843 ft[9]                                            1              -1.545452
  49844 ft[10]                                           1              -1.560906
  49845 ft[11]                                           1              -1.576515
  49846 ft[12]                                           1               -1.59228
  49847 ft[13]                                           2              -1.608203
  49848 ft[14]                                           2              -1.624285
  49849 ft[15]                                           2              -1.640528
  49850 ft[16]                                           2              -1.656933
  49851 ft[17]                                           2              -1.673503
  49854 pt[8]                                            3                 4.0804
  49857 pt[11]                                           2                4.20404
  49871 aux[13]                                          1                      0
  49872 aux[14]                                          1                      0
  49873 aux[15]                                          1                      0
  49874 aux[16]                                          1                      0
  49875 aux[17]                                          1                      0
  49876 use_wc[6]                                        1                      0
