Optimal (within gap tolerance) - objective value -271.00944240
      0 squad[318,21]                                    1                       0
      1 squad[318,22]                                    1                       0
      2 squad[318,23]                                    1                       0
      3 squad[318,24]                                    1                       0
      4 squad[318,25]                                    1                       0
      5 squad[318,26]                                    1                       0
      6 squad[13,21]                                     1                       0
      7 squad[13,22]                                     1                       0
      8 squad[13,23]                                     1                       0
      9 squad[13,24]                                     1                       0
     10 squad[13,25]                                     1                       0
     11 squad[13,26]                                     1                       0
     18 squad[335,21]                                    1                       0
     19 squad[335,22]                                    1                       0
     20 squad[335,23]                                    1                       0
     21 squad[335,24]                                    1                       0
     22 squad[335,25]                                    1                       0
     23 squad[335,26]                                    1                       0
     32 squad[7,23]                                      1                       0
     33 squad[7,24]                                      1                       0
     34 squad[7,25]                                      1                       0
     35 squad[7,26]                                      1                       0
     36 squad[301,21]                                    1                       0
     37 squad[301,22]                                    1                       0
     38 squad[301,23]                                    1                       0
     48 squad[332,21]                                    1                       0
     49 squad[332,22]                                    1                       0
     50 squad[332,23]                                    1                       0
     51 squad[332,24]                                    1                       0
     52 squad[332,25]                                    1                       0
     53 squad[332,26]                                    1                       0
     66 squad[307,21]                                    1                       0
     67 squad[307,22]                                    1                       0
     68 squad[307,23]                                    1                       0
     69 squad[307,24]                                    1                       0
     70 squad[307,25]                                    1                       0
     71 squad[307,26]                                    1                       0
     72 squad[16,21]                                     1                       0
     73 squad[16,22]                                     1                       0
     74 squad[16,23]                                     1                       0
     75 squad[16,24]                                     1                       0
     76 squad[16,25]                                     1                       0
     77 squad[16,26]                                     1                       0
     78 squad[133,21]                                    1                       0
     79 squad[133,22]                                    1                       0
     80 squad[133,23]                                    1                       0
     81 squad[133,24]                                    1                       0
     82 squad[133,25]                                    1                       0
     83 squad[133,26]                                    1                       0
    120 squad[357,21]                                    1                       0
    121 squad[357,22]                                    1                       0
    122 squad[357,23]                                    1                       0
    123 squad[357,24]                                    1                       0
    124 squad[357,25]                                    1                       0
    125 squad[357,26]                                    1                       0
    205 squad[533,22]                                    1                       0
    206 squad[533,23]                                    1                       0
    207 squad[533,24]                                    1                       0
    208 squad[533,25]                                    1                       0
    209 squad[533,26]                                    1                       0
    213 squad[586,24]                                    1                       0
    214 squad[586,25]                                    1                       0
    215 squad[586,26]                                    1                       0
    270 squad[210,21]                                    1                       0
    271 squad[210,22]                                    1                       0
    272 squad[210,23]                                    1                       0
    273 squad[210,24]                                    1                       0
    274 squad[210,25]                                    1                       0
    275 squad[210,26]                                    1                       0
    330 squad[358,21]                                    1                       0
    331 squad[358,22]                                    1                       0
    332 squad[358,23]                                    1                       0
    343 squad[225,22]                                    1                       0
    349 squad[619,22]                                    1                       0
    350 squad[619,23]                                    1                       0
    351 squad[619,24]                                    1                       0
    352 squad[619,25]                                    1                       0
    353 squad[619,26]                                    1                       0
    378 squad[160,21]                                    1                       0
    441 squad[116,24]                                    1                       0
    442 squad[116,25]                                    1                       0
    443 squad[116,26]                                    1                       0
    528 squad[346,21]                                    1                       0
    529 squad[346,22]                                    1                       0
    530 squad[346,23]                                    1                       0
    531 squad[346,24]                                    1                       0
    532 squad[346,25]                                    1                       0
    533 squad[346,26]                                    1                       0
    888 squad[345,21]                                    1                       0
   2022 squad[112,21]                                    1                       0
   5588 lineup[318,22]                                   1               -6.671301
   5589 lineup[318,23]                                   1              -10.661546
   5590 lineup[318,24]                                   1               -4.096119
   5591 lineup[318,25]                                   1               -4.113208
   5592 lineup[318,26]                                   1               -3.226296
   5593 lineup[13,22]                                    1               -5.317922
   5594 lineup[13,23]                                    1               -7.706118
   5595 lineup[13,24]                                    1               -3.590056
   5596 lineup[13,25]                                    1                -2.64864
   5597 lineup[13,26]                                    1               -2.310839
   5603 lineup[335,22]                                   1              -11.558027
   5604 lineup[335,23]                                   1               -5.065429
   5605 lineup[335,24]                                   1               -3.746596
   5606 lineup[335,25]                                   1                -2.30362
   5607 lineup[335,26]                                   1                -1.45679
   5614 lineup[7,23]                                     1               -7.637287
   5615 lineup[7,24]                                     1               -3.258243
   5616 lineup[7,25]                                     1               -2.683474
   5617 lineup[7,26]                                     1               -2.143383
   5618 lineup[301,22]                                   1                -4.63342
   5619 lineup[301,23]                                   1               -7.276247
   5628 lineup[332,22]                                   1              -10.575117
   5629 lineup[332,23]                                   1               -3.504561
   5630 lineup[332,24]                                   1               -2.963966
   5631 lineup[332,25]                                   1               -2.374513
   5644 lineup[307,23]                                   1               -6.173137
   5646 lineup[307,25]                                   1               -2.335674
   5649 lineup[16,23]                                    1               -5.866154
   5652 lineup[16,26]                                    1               -2.053691
   5653 lineup[133,22]                                   1               -4.884924
   5655 lineup[133,24]                                   1               -3.509511
   5657 lineup[133,26]                                   1               -2.289173
   5688 lineup[357,22]                                   1               -4.789396
   5689 lineup[357,23]                                   1               -4.116829
   5690 lineup[357,24]                                   1               -2.399201
   5691 lineup[357,25]                                   1               -2.636095
   5692 lineup[357,26]                                   1               -1.258944
   5758 lineup[533,22]                                   1               -8.641896
   5760 lineup[533,24]                                   1               -2.178281
   5765 lineup[586,24]                                   1               -2.834536
   5766 lineup[586,25]                                   1               -1.805482
   5767 lineup[586,26]                                   1               -2.011709
   5814 lineup[210,23]                                   1               -3.612538
   5815 lineup[210,24]                                   1               -2.393232
   5816 lineup[210,25]                                   1               -2.400721
   5817 lineup[210,26]                                   1               -1.720071
   5863 lineup[358,22]                                   1               -4.305675
   5864 lineup[358,23]                                   1                -3.25409
   5873 lineup[225,22]                                   1               -8.037347
   5878 lineup[619,22]                                   1               -8.213668
   5881 lineup[619,25]                                   1               -2.012477
   5955 lineup[116,24]                                   1               -3.605854
   5956 lineup[116,25]                                   1               -2.021607
   5957 lineup[116,26]                                   1                -1.65254
   6032 lineup[346,26]                                   1               -1.427281
   8129 captain[318,23]                                  1              -10.661546
   8130 captain[318,24]                                  1               -4.096119
   8131 captain[318,25]                                  1               -4.113208
   8132 captain[318,26]                                  1               -3.226296
   8143 captain[335,22]                                  1              -11.558027
  10674 vicecap[13,23]                                   1               -0.770612
  10677 vicecap[13,26]                                   1               -0.231084
  10685 vicecap[335,24]                                  1                -0.37466
  10696 vicecap[7,25]                                    1               -0.268347
  10708 vicecap[332,22]                                  1               -1.057512
  13385 bench[332,26,1]                                  1               -0.252895
  13428 bench[307,22,0]                                  1               -0.103277
  13436 bench[307,24,0]                                  1               -0.089208
  13444 bench[307,26,0]                                  1               -0.053656
  13449 bench[16,22,1]                                   1               -0.885591
  13457 bench[16,24,1]                                   1               -0.444316
  13461 bench[16,25,1]                                   1               -0.337481
  13472 bench[133,23,0]                                  1               -0.102376
  13480 bench[133,25,0]                                  1               -0.066218
  13894 bench[533,23,2]                                  1                -0.15649
  13903 bench[533,25,3]                                  1               -0.003677
  13907 bench[533,26,3]                                  1               -0.002565
  14111 bench[210,22,3]                                  1               -0.006931
  14375 bench[619,23,3]                                  1               -0.007006
  14379 bench[619,24,3]                                  1               -0.003278
  14386 bench[619,26,2]                                  1               -0.057245
  14970 bench[346,22,2]                                  1                -0.17667
  14973 bench[346,23,1]                                  1               -0.634417
  14978 bench[346,24,2]                                  1               -0.114406
  14982 bench[346,25,2]                                  1               -0.089914
  23394 transfer_in[7,23]                                1               3.4443282
  23538 transfer_in[533,22]                              1                3.146301
  23545 transfer_in[586,24]                              1                1.508301
  23653 transfer_in[225,22]                              1               4.4747392
  23658 transfer_in[619,22]                              1                 3.49589
  23735 transfer_in[116,24]                              1               1.8099612
  25920 tr_out_first[358,24]                             1               -1.508301
  25975 tr_out_reg[301,24]                               1               -4.189725
  26229 tr_out_reg[225,23]                               1              -3.1947392
  26258 tr_out_reg[160,22]                               1              -5.1039994
  26683 tr_out_reg[345,22]                               1               -4.544657
  27628 tr_out_reg[112,22]                               1              -3.5658078
  28483 itb[21]                                        0.2                       0
  28484 itb[22]                                        3.2           5.5511151e-17
  28485 itb[23]                                        2.7                       0
  28486 itb[24]                                        9.8                       0
  28487 itb[25]                                        9.8                       0
  28488 itb[26]                                        9.8                       0
  28490 ft[22]                                           2                    -1.5
  28491 ft[23]                                           1                   -1.23
  28492 ft[24]                                           1                 -1.0086
  28493 ft[25]                                           1               -0.827052
  28494 ft[26]                                           2               -0.678183
  28495 pt[22]                                           1                       4
  28497 pt[24]                                           1                  2.6896
  28504 aux[26]                                          1                       0
