Optimal (within gap tolerance) - objective value -277.85132653
      0 squad[318,21]                                    1                       0
      1 squad[318,22]                                    1                       0
      2 squad[318,23]                                    1                       0
      3 squad[318,24]                                    1                       0
      4 squad[318,25]                                    1                       0
      5 squad[318,26]                                    1                       0
      6 squad[13,21]                                     1                       0
      7 squad[13,22]                                     1                       0
      8 squad[13,23]                                     1                       0
      9 squad[13,24]                                     1                       0
     10 squad[13,25]                                     1                       0
     11 squad[13,26]                                     1                       0
     18 squad[335,21]                                    1                       0
     19 squad[335,22]                                    1                       0
     20 squad[335,23]                                    1                       0
     21 squad[335,24]                                    1                       0
     22 squad[335,25]                                    1                       0
     23 squad[335,26]                                    1                       0
     25 squad[333,22]                                    1                       0
     26 squad[333,23]                                    1                       0
     27 squad[333,24]                                    1                       0
     28 squad[333,25]                                    1                       0
     29 squad[333,26]                                    1                       0
     31 squad[7,22]                                      1                       0
     32 squad[7,23]                                      1                       0
     33 squad[7,24]                                      1                       0
     34 squad[7,25]                                      1                       0
     35 squad[7,26]                                      1                       0
     36 squad[301,21]                                    1                       0
     45 squad[427,24]                                    1                       0
     46 squad[427,25]                                    1                       0
     47 squad[427,26]                                    1                       0
     48 squad[332,21]                                    1                       0
     49 squad[332,22]                                    1                       0
     50 squad[332,23]                                    1                       0
     51 squad[332,24]                                    1                       0
     52 squad[332,25]                                    1                       0
     53 squad[332,26]                                    1                       0
     61 squad[26,22]                                     1                       0
     62 squad[26,23]                                     1                       0
     63 squad[26,24]                                     1                       0
     64 squad[26,25]                                     1                       0
     65 squad[26,26]                                     1                       0
     66 squad[307,21]                                    1                       0
     67 squad[307,22]                                    1                       0
     68 squad[307,23]                                    1                       0
     69 squad[307,24]                                    1                       0
     70 squad[307,25]                                    1                       0
     71 squad[307,26]                                    1                       0
     72 squad[16,21]                                     1                       0
     78 squad[133,21]                                    1                       0
    120 squad[357,21]                                    1                       0
    121 squad[357,22]                                    1                       0
    122 squad[357,23]                                    1                       0
    123 squad[357,24]                                    1                       0
    124 squad[357,25]                                    1                       0
    125 squad[357,26]                                    1                       0
    151 squad[238,22]                                    1                       0
    152 squad[238,23]                                    1                       0
    153 squad[238,24]                                    1                       0
    154 squad[238,25]                                    1                       0
    155 squad[238,26]                                    1                       0
    211 squad[586,22]                                    1                       0
    212 squad[586,23]                                    1                       0
    213 squad[586,24]                                    1                       0
    214 squad[586,25]                                    1                       0
    215 squad[586,26]                                    1                       0
    270 squad[210,21]                                    1                       0
    330 squad[358,21]                                    1                       0
    343 squad[225,22]                                    1                       0
    349 squad[619,22]                                    1                       0
    350 squad[619,23]                                    1                       0
    355 squad[461,22]                                    1                       0
    356 squad[461,23]                                    1                       0
    357 squad[461,24]                                    1                       0
    358 squad[461,25]                                    1                       0
    359 squad[461,26]                                    1                       0
    378 squad[160,21]                                    1                       0
    441 squad[116,24]                                    1                       0
    442 squad[116,25]                                    1                       0
    443 squad[116,26]                                    1                       0
    528 squad[346,21]                                    1                       0
    541 squad[596,22]                                    1                       0
    542 squad[596,23]                                    1                       0
    543 squad[596,24]                                    1                       0
    544 squad[596,25]                                    1                       0
    545 squad[596,26]                                    1                       0
    800 squad[314,23]                                    1                       0
    888 squad[345,21]                                    1                       0
   2022 squad[112,21]                                    1                       0
   5588 lineup[318,22]                                   1               -6.887267
   5589 lineup[318,23]                                   1               -10.34223
   5590 lineup[318,24]                                   1               -4.767278
   5591 lineup[318,25]                                   1               -4.009535
   5592 lineup[318,26]                                   1                -2.20228
   5593 lineup[13,22]                                    1               -4.776844
   5594 lineup[13,23]                                    1               -7.308294
   5595 lineup[13,24]                                    1               -3.197683
   5596 lineup[13,25]                                    1               -2.848196
   5597 lineup[13,26]                                    1               -2.839672
   5603 lineup[335,22]                                   1               -11.64778
   5604 lineup[335,23]                                   1               -4.346447
   5605 lineup[335,24]                                   1               -2.685632
   5606 lineup[335,25]                                   1               -2.787171
   5607 lineup[335,26]                                   1               -1.787505
   5608 lineup[333,22]                                   1               -10.50436
   5609 lineup[333,23]                                   1               -4.135208
   5610 lineup[333,24]                                   1               -3.139241
   5611 lineup[333,25]                                   1               -2.864234
   5612 lineup[333,26]                                   1               -1.758105
   5613 lineup[7,22]                                     1               -5.778636
   5614 lineup[7,23]                                     1               -7.906946
   5615 lineup[7,24]                                     1               -3.158509
   5616 lineup[7,25]                                     1               -2.120035
   5617 lineup[7,26]                                     1               -1.873089
   5625 lineup[427,24]                                   1               -4.162477
   5626 lineup[427,25]                                   1               -2.982126
   5627 lineup[427,26]                                   1               -2.205444
   5628 lineup[332,22]                                   1               -10.34073
   5630 lineup[332,24]                                   1               -3.513926
   5631 lineup[332,25]                                   1               -2.161037
   5632 lineup[332,26]                                   1               -1.257083
   5639 lineup[26,23]                                    1               -6.179061
   5640 lineup[26,24]                                    1               -2.474723
   5641 lineup[26,25]                                    1               -2.325126
   5642 lineup[26,26]                                    1               -2.349838
   5644 lineup[307,23]                                   1               -6.167777
   5645 lineup[307,24]                                   1               -2.848747
   5646 lineup[307,25]                                   1                -2.36051
   5647 lineup[307,26]                                   1               -1.804595
   5688 lineup[357,22]                                   1               -5.375354
   5689 lineup[357,23]                                   1               -4.458703
   5713 lineup[238,22]                                   1                -6.69637
   5763 lineup[586,22]                                   1               -4.803387
   5764 lineup[586,23]                                   1                -3.28573
   5765 lineup[586,24]                                   1               -2.867633
   5767 lineup[586,26]                                   1               -1.528294
   5873 lineup[225,22]                                   1               -7.177617
   5878 lineup[619,22]                                   1               -6.619705
   5884 lineup[461,23]                                   1               -3.259773
   5886 lineup[461,25]                                   1               -2.514844
   5955 lineup[116,24]                                   1               -2.592468
   5956 lineup[116,25]                                   1               -2.655402
   5957 lineup[116,26]                                   1               -2.056818
   6254 lineup[314,23]                                   1               -6.388259
   8129 captain[318,23]                                  1               -10.34223
   8130 captain[318,24]                                  1               -4.767278
   8131 captain[318,25]                                  1               -4.009535
   8137 captain[13,26]                                   1               -2.839672
   8143 captain[335,22]                                  1               -11.64778
  10688 vicecap[333,22]                                  1               -1.050436
  10694 vicecap[7,23]                                    1              -0.7906946
  10705 vicecap[427,24]                                  1              -0.4162477
  10706 vicecap[427,25]                                  1              -0.2982126
  10722 vicecap[26,26]                                   1              -0.2349838
  13373 bench[332,23,1]                                  1              -0.5686846
  13409 bench[26,22,1]                                   1               -1.000101
  13428 bench[307,22,0]                                  1              -0.1024874
  13618 bench[357,24,2]                                  1              -0.1308864
  13621 bench[357,25,1]                                  1              -0.4167421
  13625 bench[357,26,1]                                  1              -0.2589543
  13712 bench[238,23,0]                                  1             -0.07818577
  13716 bench[238,24,0]                                  1             -0.07343349
  13720 bench[238,25,0]                                  1             -0.07045521
  13724 bench[238,26,0]                                  1             -0.04562335
  13923 bench[586,25,3]                                  1             -0.00520821
  14374 bench[619,23,2]                                  1              -0.1483143
  14390 bench[461,22,2]                                  1              -0.1888472
  14399 bench[461,24,3]                                  1            -0.005129169
  14406 bench[461,26,2]                                  1             -0.07174405
  15011 bench[596,22,3]                                  1            -0.005969292
  15015 bench[596,23,3]                                  1             -0.00654044
  15017 bench[596,24,1]                                  1              -0.5321735
  15022 bench[596,25,2]                                  1              -0.1118574
  15027 bench[596,26,3]                                  1            -0.002368452
  23388 transfer_in[333,22]                              1               6.9218617
  23393 transfer_in[7,22]                                1               4.8243279
  23405 transfer_in[427,24]                              1                3.921582
  23418 transfer_in[26,22]                               1               3.7056431
  23493 transfer_in[238,22]                              1               3.1463008
  23543 transfer_in[586,22]                              1               3.1463008
  23653 transfer_in[225,22]                              1               4.4747389
  23658 transfer_in[619,22]                              1               3.4958898
  23663 transfer_in[461,22]                              1                3.076383
  23735 transfer_in[116,24]                              1               1.8099609
  23818 transfer_in[596,22]                              1               3.2162186
  24034 transfer_in[314,23]                              1               3.9934236
  25908 tr_out_first[133,22]                             1              -3.1463008
  25918 tr_out_first[358,22]                             1              -3.1463008
  25938 tr_out_first[210,22]                             1              -4.8243279
  25973 tr_out_reg[301,22]                               1              -8.7397244
  26003 tr_out_reg[16,22]                                1              -3.6357253
  26229 tr_out_reg[225,23]                               1              -3.1947389
  26235 tr_out_reg[619,24]                               1              -1.6758898
  26258 tr_out_reg[160,22]                               1               -5.103999
  26383 tr_out_reg[346,22]                               1              -3.1463008
  26610 tr_out_reg[314,24]                               1              -2.6814236
  26683 tr_out_reg[345,22]                               1              -4.5446567
  27628 tr_out_reg[112,22]                               1              -3.5658075
  28483 itb[21]                                        0.2                       0
  28484 itb[22]                                        5.7           5.5511151e-17
  28485 itb[23]                                        4.1                       0
  28490 ft[22]                                           2                    -1.5
  28491 ft[23]                                           1                   -1.23
  28492 ft[24]                                           1                 -1.0086
  28493 ft[25]                                           1               -0.827052
  28494 ft[26]                                           2              -0.6781826
  28497 pt[24]                                           1                  2.6896
  28504 aux[26]                                          1                       0
  28505 use_wc[22]                                       1                       0
