Optimal (within gap tolerance) - objective value -270.04754940
      0 squad[318,19]                                    1                       0
      1 squad[318,20]                                    1                       0
      2 squad[318,21]                                    1                       0
      3 squad[318,22]                                    1                       0
      4 squad[318,23]                                    1                       0
      5 squad[318,24]                                    1                       0
     10 squad[301,23]                                    1                       0
     11 squad[301,24]                                    1                       0
     13 squad[427,20]                                    1                       0
     14 squad[427,21]                                    1                       0
     18 squad[283,19]                                    1                       0
     21 squad[283,22]                                    1                       0
     24 squad[335,19]                                    1                       0
     25 squad[335,20]                                    1                       0
     26 squad[335,21]                                    1                       0
     27 squad[335,22]                                    1                       0
     28 squad[335,23]                                    1                       0
     29 squad[335,24]                                    1                       0
     30 squad[13,19]                                     1                       0
     31 squad[13,20]                                     1                       0
     32 squad[13,21]                                     1                       0
     33 squad[13,22]                                     1                       0
     34 squad[13,23]                                     1                       0
     35 squad[13,24]                                     1                       0
     36 squad[307,19]                                    1                       0
     37 squad[307,20]                                    1                       0
     38 squad[307,21]                                    1                       0
     39 squad[307,22]                                    1                       0
     40 squad[307,23]                                    1                       0
     41 squad[307,24]                                    1                       0
     45 squad[7,22]                                      1                       0
     46 squad[7,23]                                      1                       0
     47 squad[7,24]                                      1                       0
     49 squad[160,20]                                    1                       0
     55 squad[315,20]                                    1                       0
     56 squad[315,21]                                    1                       0
     66 squad[210,19]                                    1                       0
     67 squad[210,20]                                    1                       0
     68 squad[210,21]                                    1                       0
     69 squad[210,22]                                    1                       0
     70 squad[210,23]                                    1                       0
     71 squad[210,24]                                    1                       0
     72 squad[19,19]                                     1                       0
     78 squad[357,19]                                    1                       0
     79 squad[357,20]                                    1                       0
     80 squad[357,21]                                    1                       0
     81 squad[357,22]                                    1                       0
     82 squad[357,23]                                    1                       0
    108 squad[16,19]                                     1                       0
    109 squad[16,20]                                     1                       0
    110 squad[16,21]                                     1                       0
    111 squad[16,22]                                     1                       0
    112 squad[16,23]                                     1                       0
    113 squad[16,24]                                     1                       0
    122 squad[124,21]                                    1                       0
    123 squad[124,22]                                    1                       0
    124 squad[124,23]                                    1                       0
    125 squad[124,24]                                    1                       0
    138 squad[332,19]                                    1                       0
    139 squad[332,20]                                    1                       0
    140 squad[332,21]                                    1                       0
    141 squad[332,22]                                    1                       0
    142 squad[332,23]                                    1                       0
    143 squad[332,24]                                    1                       0
    144 squad[133,19]                                    1                       0
    145 squad[133,20]                                    1                       0
    146 squad[133,21]                                    1                       0
    147 squad[133,22]                                    1                       0
    148 squad[133,23]                                    1                       0
    149 squad[133,24]                                    1                       0
    324 squad[358,19]                                    1                       0
    325 squad[358,20]                                    1                       0
    326 squad[358,21]                                    1                       0
    327 squad[358,22]                                    1                       0
    328 squad[358,23]                                    1                       0
    329 squad[358,24]                                    1                       0
    450 squad[346,19]                                    1                       0
    451 squad[346,20]                                    1                       0
    452 squad[346,21]                                    1                       0
    576 squad[345,19]                                    1                       0
    713 squad[484,24]                                    1                       0
   1356 squad[112,19]                                    1                       0
   1357 squad[112,20]                                    1                       0
   1358 squad[112,21]                                    1                       0
   1359 squad[112,22]                                    1                       0
   1360 squad[112,23]                                    1                       0
   1361 squad[112,24]                                    1                       0
   1461 squad[237,22]                                    1                       0
   1462 squad[237,23]                                    1                       0
   1463 squad[237,24]                                    1                       0
   5533 lineup[318,20]                                   1                  -12.63
   5534 lineup[318,21]                                   1                 -5.3382
   5535 lineup[318,22]                                   1               -3.940264
   5536 lineup[318,23]                                   1                -6.41241
   5537 lineup[318,24]                                   1                 -2.8981
   5541 lineup[301,23]                                   1               -6.020939
   5542 lineup[301,24]                                   1               -2.631349
   5543 lineup[427,20]                                   1                  -10.71
   5544 lineup[427,21]                                   1                 -4.8544
   5550 lineup[283,22]                                   1               -4.397496
   5553 lineup[335,20]                                   1                  -10.38
   5554 lineup[335,21]                                   1                 -3.7638
   5555 lineup[335,22]                                   1               -3.738544
   5556 lineup[335,23]                                   1                -2.75684
   5557 lineup[335,24]                                   1               -2.296779
   5558 lineup[13,20]                                    1                   -5.13
   5559 lineup[13,21]                                    1                 -3.5342
   5560 lineup[13,22]                                    1               -3.725096
   5561 lineup[13,23]                                    1               -5.530221
   5562 lineup[13,24]                                    1               -2.233481
   5563 lineup[307,20]                                   1                   -8.02
   5564 lineup[307,21]                                   1                 -4.2804
   5566 lineup[307,23]                                   1               -4.482622
   5567 lineup[307,24]                                   1               -2.120451
   5570 lineup[7,22]                                     1               -3.583892
   5571 lineup[7,23]                                     1               -5.188373
   5572 lineup[7,24]                                     1               -2.179227
   5573 lineup[160,20]                                   1                    -9.2
   5578 lineup[315,20]                                   1                   -7.21
   5579 lineup[315,21]                                   1                   -3.28
   5588 lineup[210,20]                                   1                   -4.79
   5589 lineup[210,21]                                   1                 -3.9934
   5590 lineup[210,22]                                   1               -3.308208
   5591 lineup[210,23]                                   1               -2.828518
   5592 lineup[210,24]                                   1               -1.971251
   5598 lineup[357,20]                                   1                   -5.56
   5599 lineup[357,21]                                   1                 -3.6654
   5600 lineup[357,22]                                   1                -3.26114
   5601 lineup[357,23]                                   1               -2.712731
   5624 lineup[16,21]                                    1                 -3.0914
   5625 lineup[16,22]                                    1               -2.978732
   5626 lineup[16,23]                                    1               -3.958822
   5627 lineup[16,24]                                    1               -1.749711
   5634 lineup[124,21]                                   1                   -3.69
   5635 lineup[124,22]                                   1               -3.052696
   5636 lineup[124,23]                                   1               -2.155849
   5637 lineup[124,24]                                   1                -1.89439
   5648 lineup[332,20]                                   1                   -6.78
   5650 lineup[332,22]                                   1               -2.978732
   5652 lineup[332,24]                                   1               -1.776839
   5655 lineup[133,22]                                   1               -3.052696
   5803 lineup[358,20]                                   1                   -4.18
   5804 lineup[358,21]                                   1                  -2.952
   5806 lineup[358,23]                                   1               -2.095198
   6127 lineup[484,24]                                   1               -1.704499
   8048 captain[318,20]                                  1                  -12.63
   8049 captain[318,21]                                  1                 -5.3382
   8051 captain[318,23]                                  1                -6.41241
   8052 captain[318,24]                                  1                 -2.8981
   8065 captain[283,22]                                  1               -4.397496
  10565 vicecap[318,22]                                  1               -0.394026
  10571 vicecap[301,23]                                  1               -0.602094
  10572 vicecap[301,24]                                  1               -0.263135
  10573 vicecap[427,20]                                  1                  -1.071
  10574 vicecap[427,21]                                  1                -0.48544
  13206 bench[307,22,0]                                  1               -0.074435
  13439 bench[16,20,1]                                   1                 -0.7161
  13544 bench[332,21,2]                                  1                -0.12792
  13551 bench[332,23,1]                                  1               -0.409887
  13558 bench[133,20,0]                                  1                 -0.1461
  13562 bench[133,21,0]                                  1               -0.076506
  13570 bench[133,23,0]                                  1               -0.065999
  13574 bench[133,24,0]                                  1               -0.063478
  14167 bench[358,22,1]                                  1               -0.546459
  14175 bench[358,24,1]                                  1               -0.239263
  14580 bench[346,20,2]                                  1                  -0.189
  14583 bench[346,21,1]                                  1                -0.55965
  17601 bench[112,20,3]                                  1                -0.00867
  17605 bench[112,21,3]                                  1               -0.003985
  17608 bench[112,22,2]                                  1               -0.050833
  17613 bench[112,23,3]                                  1               -0.001836
  17616 bench[112,24,2]                                  1               -0.031468
  17949 bench[237,22,3]                                  1               -0.003187
  17952 bench[237,23,2]                                  1               -0.046646
  17957 bench[237,24,3]                                  1               -0.001953
  23146 transfer_in[301,23]                              1                2.508725
  23148 transfer_in[427,20]                              1               8.1104648
  23155 transfer_in[283,22]                              1               4.3237962
  23175 transfer_in[7,22]                                1               2.2456926
  23178 transfer_in[160,20]                              1               5.1039994
  23183 transfer_in[315,20]                              1               3.9153968
  23239 transfer_in[124,21]                              1               2.4459722
  23732 transfer_in[484,24]                              1               0.3978656
  24355 transfer_in[237,22]                              1               1.4077476
  25657 tr_out_first[357,24]                             1              -0.5335016
  25668 tr_out_first[283,20]                             1              -8.9494784
  25695 tr_out_first[346,22]                             1               -1.508301
  25710 tr_out_reg[427,22]                               1              -3.8880648
  25716 tr_out_reg[283,23]                               1              -2.5890042
  25739 tr_out_reg[160,21]                               1              -3.6439994
  25745 tr_out_reg[315,22]                               1              -1.8769968
  25758 tr_out_reg[19,20]                                1              -4.7544104
  26178 tr_out_reg[345,20]                               1              -4.6145748
  28213 itb[19]                                        0.4                       0
  28214 itb[20]                                        2.1           5.5511151e-17
  28215 itb[21]                                        4.5                       0
  28216 itb[22]                                        2.4                       0
  28217 itb[23]                                        2.8                       0
  28218 itb[24]                                        4.3                       0
  28220 ft[20]                                           2                    -1.5
  28221 ft[21]                                           1                   -1.23
  28222 ft[22]                                           1                 -1.0086
  28223 ft[23]                                           1               -0.827052
  28224 ft[24]                                           1               -0.678183
  28225 pt[20]                                           1                       4
  28227 pt[22]                                           2                  2.6896
