Optimal (within gap tolerance) - objective value -267.96377140
      0 squad[318,21]                                    1                       0
      1 squad[318,22]                                    1                       0
      2 squad[318,23]                                    1                       0
      3 squad[318,24]                                    1                       0
      4 squad[318,25]                                    1                       0
      5 squad[318,26]                                    1                       0
      6 squad[13,21]                                     1                       0
      7 squad[13,22]                                     1                       0
      8 squad[13,23]                                     1                       0
      9 squad[13,24]                                     1                       0
     10 squad[13,25]                                     1                       0
     11 squad[13,26]                                     1                       0
     18 squad[335,21]                                    1                       0
     19 squad[335,22]                                    1                       0
     20 squad[335,23]                                    1                       0
     21 squad[335,24]                                    1                       0
     22 squad[335,25]                                    1                       0
     23 squad[335,26]                                    1                       0
     25 squad[333,22]                                    1                       0
     32 squad[7,23]                                      1                       0
     33 squad[7,24]                                      1                       0
     34 squad[7,25]                                      1                       0
     35 squad[7,26]                                      1                       0
     36 squad[301,21]                                    1                       0
     45 squad[427,24]                                    1                       0
     46 squad[427,25]                                    1                       0
     47 squad[427,26]                                    1                       0
     48 squad[332,21]                                    1                       0
     49 squad[332,22]                                    1                       0
     50 squad[332,23]                                    1                       0
     51 squad[332,24]                                    1                       0
     52 squad[332,25]                                    1                       0
     53 squad[332,26]                                    1                       0
     66 squad[307,21]                                    1                       0
     67 squad[307,22]                                    1                       0
     68 squad[307,23]                                    1                       0
     69 squad[307,24]                                    1                       0
     70 squad[307,25]                                    1                       0
     71 squad[307,26]                                    1                       0
     72 squad[16,21]                                     1                       0
     73 squad[16,22]                                     1                       0
     74 squad[16,23]                                     1                       0
     75 squad[16,24]                                     1                       0
     76 squad[16,25]                                     1                       0
     77 squad[16,26]                                     1                       0
     78 squad[133,21]                                    1                       0
     79 squad[133,22]                                    1                       0
     80 squad[133,23]                                    1                       0
     81 squad[133,24]                                    1                       0
     82 squad[133,25]                                    1                       0
     83 squad[133,26]                                    1                       0
    120 squad[357,21]                                    1                       0
    121 squad[357,22]                                    1                       0
    122 squad[357,23]                                    1                       0
    123 squad[357,24]                                    1                       0
    124 squad[357,25]                                    1                       0
    125 squad[357,26]                                    1                       0
    145 squad[124,22]                                    1                       0
    146 squad[124,23]                                    1                       0
    147 squad[124,24]                                    1                       0
    148 squad[124,25]                                    1                       0
    149 squad[124,26]                                    1                       0
    270 squad[210,21]                                    1                       0
    271 squad[210,22]                                    1                       0
    272 squad[210,23]                                    1                       0
    273 squad[210,24]                                    1                       0
    274 squad[210,25]                                    1                       0
    275 squad[210,26]                                    1                       0
    330 squad[358,21]                                    1                       0
    331 squad[358,22]                                    1                       0
    332 squad[358,23]                                    1                       0
    333 squad[358,24]                                    1                       0
    334 squad[358,25]                                    1                       0
    335 squad[358,26]                                    1                       0
    349 squad[619,22]                                    1                       0
    350 squad[619,23]                                    1                       0
    378 squad[160,21]                                    1                       0
    528 squad[346,21]                                    1                       0
    529 squad[346,22]                                    1                       0
    530 squad[346,23]                                    1                       0
    531 squad[346,24]                                    1                       0
    532 squad[346,25]                                    1                       0
    533 squad[346,26]                                    1                       0
    888 squad[345,21]                                    1                       0
   2022 squad[112,21]                                    1                       0
   2023 squad[112,22]                                    1                       0
   2024 squad[112,23]                                    1                       0
   2025 squad[112,24]                                    1                       0
   2026 squad[112,25]                                    1                       0
   2027 squad[112,26]                                    1                       0
   5588 lineup[318,22]                                   1               -7.469792
   5589 lineup[318,23]                                   1               -9.938581
   5590 lineup[318,24]                                   1               -4.159669
   5591 lineup[318,25]                                   1               -3.933082
   5592 lineup[318,26]                                   1                -2.35816
   5593 lineup[13,22]                                    1               -5.646628
   5594 lineup[13,23]                                    1               -8.034616
   5595 lineup[13,24]                                    1               -3.624869
   5596 lineup[13,25]                                    1               -3.239187
   5597 lineup[13,26]                                    1               -2.633085
   5603 lineup[335,22]                                   1              -12.445149
   5604 lineup[335,23]                                   1               -3.616138
   5605 lineup[335,24]                                   1               -2.896496
   5606 lineup[335,25]                                   1               -2.802731
   5607 lineup[335,26]                                   1               -1.861123
   5608 lineup[333,22]                                   1              -10.397149
   5614 lineup[7,23]                                     1               -9.125016
   5615 lineup[7,24]                                     1                -2.72668
   5617 lineup[7,26]                                     1               -2.379084
   5625 lineup[427,24]                                   1               -3.596609
   5626 lineup[427,25]                                   1               -3.176934
   5627 lineup[427,26]                                   1               -2.438172
   5628 lineup[332,22]                                   1               -9.640775
   5629 lineup[332,23]                                   1               -3.389444
   5631 lineup[332,25]                                   1               -2.918824
   5632 lineup[332,26]                                   1               -1.193113
   5644 lineup[307,23]                                   1               -6.297833
   5646 lineup[307,25]                                   1               -2.559799
   5648 lineup[16,22]                                    1               -4.467768
   5649 lineup[16,23]                                    1               -4.307364
   5650 lineup[16,24]                                    1               -2.639165
   5651 lineup[16,25]                                    1               -1.992893
   5652 lineup[16,26]                                    1               -2.065404
   5653 lineup[133,22]                                   1               -4.829133
   5655 lineup[133,24]                                   1               -3.413393
   5657 lineup[133,26]                                   1               -2.154289
   5688 lineup[357,22]                                   1               -5.523695
   5689 lineup[357,23]                                   1               -3.782056
   5690 lineup[357,24]                                   1               -2.619781
   5691 lineup[357,25]                                   1                -2.72697
   5692 lineup[357,26]                                   1               -1.614095
   5708 lineup[124,22]                                   1               -6.494664
   5709 lineup[124,23]                                   1               -3.418803
   5710 lineup[124,24]                                   1               -2.610952
   5711 lineup[124,25]                                   1               -2.307406
   5712 lineup[124,26]                                   1               -1.981609
   5814 lineup[210,23]                                   1                 -3.4794
   5815 lineup[210,24]                                   1               -2.684935
   5816 lineup[210,25]                                   1                -2.42965
   5817 lineup[210,26]                                   1               -1.734387
   5863 lineup[358,22]                                   1               -4.079019
   5864 lineup[358,23]                                   1               -3.013837
   5865 lineup[358,24]                                   1               -2.089175
   5866 lineup[358,25]                                   1               -1.937488
   5878 lineup[619,22]                                   1               -6.498292
   8129 captain[318,23]                                  1               -9.938581
   8130 captain[318,24]                                  1               -4.159669
   8131 captain[318,25]                                  1               -3.933082
   8137 captain[13,26]                                   1               -2.633085
   8143 captain[335,22]                                  1              -12.445149
  10675 vicecap[13,24]                                   1               -0.362487
  10676 vicecap[13,25]                                   1               -0.323919
  10688 vicecap[333,22]                                  1               -1.039715
  10694 vicecap[7,23]                                    1               -0.912502
  10707 vicecap[427,26]                                  1               -0.243817
  13321 bench[7,25,1]                                    1               -0.356033
  13378 bench[332,24,2]                                  1               -0.114581
  13428 bench[307,22,0]                                  1               -0.104254
  13436 bench[307,24,0]                                  1               -0.087744
  13444 bench[307,26,0]                                  1                -0.05201
  13472 bench[133,23,0]                                  1               -0.106657
  13480 bench[133,25,0]                                  1               -0.067204
  14110 bench[210,22,2]                                  1               -0.080591
  14326 bench[358,26,2]                                  1               -0.070568
  14374 bench[619,23,2]                                  1               -0.154953
  14969 bench[346,22,1]                                  1               -0.715002
  14973 bench[346,23,1]                                  1               -0.624246
  14977 bench[346,24,1]                                  1               -0.436412
  14982 bench[346,25,2]                                  1               -0.089333
  14985 bench[346,26,1]                                  1                 -0.2876
  19951 bench[112,22,3]                                  1               -0.002552
  19955 bench[112,23,3]                                  1                -0.00263
  19959 bench[112,24,3]                                  1               -0.002373
  19963 bench[112,25,3]                                  1               -0.002758
  19967 bench[112,26,3]                                  1               -0.001387
  23388 transfer_in[333,22]                              1               6.9218622
  23394 transfer_in[7,23]                                1               3.4443282
  23405 transfer_in[427,24]                              1               3.9215826
  23488 transfer_in[124,22]                              1               3.5658078
  23658 transfer_in[619,22]                              1                 3.49589
  25964 tr_out_reg[333,23]                               1              -4.9418622
  25973 tr_out_reg[301,22]                               1               -8.739725
  26235 tr_out_reg[619,24]                               1                -1.67589
  26258 tr_out_reg[160,22]                               1              -5.1039994
  26683 tr_out_reg[345,22]                               1               -4.544657
  28483 itb[21]                                        0.2           -1.110223e-16
  28484 itb[22]                                        6.5           5.5511151e-17
  28485 itb[23]                                        9.5                       0
  28486 itb[24]                                        2.8                       0
  28487 itb[25]                                        2.8                       0
  28488 itb[26]                                        2.8                       0
  28490 ft[22]                                           2                    -1.5
  28491 ft[23]                                           1                   -1.23
  28492 ft[24]                                           1                 -1.0086
  28493 ft[25]                                           1               -0.827052
  28494 ft[26]                                           2               -0.678183
  28495 pt[22]                                           1                       4
  28504 aux[26]                                          1                       0
