Optimal (within gap tolerance) - objective value -66.66654100
      0 squad[283,31]                                    1                       0
      1 squad[283,32]                                    1                       0
      2 squad[318,31]                                    1                       0
      3 squad[318,32]                                    1                       0
      4 squad[124,31]                                    1                       0
      5 squad[124,32]                                    1                       0
      6 squad[333,31]                                    1                       0
      7 squad[333,32]                                    1                       0
      8 squad[116,31]                                    1                       0
      9 squad[116,32]                                    1                       0
     12 squad[107,31]                                    1                       0
     13 squad[107,32]                                    1                       0
     16 squad[357,31]                                    1                       0
     17 squad[357,32]                                    1                       0
     38 squad[40,31]                                     1                       0
     39 squad[40,32]                                     1                       0
     46 squad[332,31]                                    1                       0
     47 squad[332,32]                                    1                       0
     70 squad[377,31]                                    1                       0
     71 squad[377,32]                                    1                       0
     72 squad[66,31]                                     1                       0
     73 squad[66,32]                                     1                       0
     78 squad[133,31]                                    1                       0
     79 squad[133,32]                                    1                       0
     82 squad[358,31]                                    1                       0
     83 squad[358,32]                                    1                       0
    104 squad[574,31]                                    1                       0
    105 squad[574,32]                                    1                       0
    178 squad[313,31]                                    1                       0
    179 squad[313,32]                                    1                       0
    902 squad_fh[283,32]                                 1                       0
    907 squad_fh[285,32]                                 1                       0
    910 squad_fh[357,32]                                 1                       0
    912 squad_fh[284,32]                                 1                       0
    916 squad_fh[13,32]                                  1                       0
    921 squad_fh[40,32]                                  1                       0
    932 squad_fh[261,32]                                 1                       0
    934 squad_fh[19,32]                                  1                       0
    936 squad_fh[81,32]                                  1                       0
    939 squad_fh[10,32]                                  1                       0
    973 squad_fh[258,32]                                 1                       0
    976 squad_fh[169,32]                                 1                       0
   1026 squad_fh[175,32]                                 1                       0
   1078 squad_fh[80,32]                                  1                       0
   1232 squad_fh[686,32]                                 1                       0
   1353 lineup[283,32]                                   1                  -6.603
   1358 lineup[285,32]                                   1                  -5.558
   1361 lineup[357,32]                                   1                  -4.522
   1363 lineup[284,32]                                   1                  -5.317
   1367 lineup[13,32]                                    1                  -5.435
   1372 lineup[40,32]                                    1                  -4.531
   1383 lineup[261,32]                                   1                  -4.551
   1385 lineup[19,32]                                    1                  -5.114
   1390 lineup[10,32]                                    1                  -5.117
   1477 lineup[175,32]                                   1                  -4.652
   1529 lineup[80,32]                                    1                  -4.793
   1804 captain[283,32]                                  1                  -6.603
   2260 vicecap[285,32]                                  1                 -0.5558
   2842 bench[81,32,0]                                   1                -0.12354
   2992 bench[258,32,2]                                  1                -0.25554
   3003 bench[169,32,1]                                  1                -0.93177
   4029 bench[686,32,3]                                  1               -0.003891
   5418 itb[31]                                        2.5                       0
   5419 itb[32]                                        2.5                       0
   5421 ft[32]                                           1                    -1.5
   5426 use_fh[32]                                       1                       0
