Optimal (within gap tolerance) - objective value -330.99583300
      0 squad[308,5]                                     1                      0
      1 squad[308,6]                                     1                      0
      2 squad[308,7]                                     1                      0
      3 squad[308,8]                                     1                      0
      4 squad[308,9]                                     1                      0
      5 squad[308,10]                                    1                      0
      6 squad[308,11]                                    1                      0
      7 squad[308,12]                                    1                      0
      8 squad[355,5]                                     1                      0
      9 squad[355,6]                                     1                      0
     10 squad[355,7]                                     1                      0
     11 squad[355,8]                                     1                      0
     12 squad[355,9]                                     1                      0
     13 squad[355,10]                                    1                      0
     14 squad[355,11]                                    1                      0
     19 squad[516,8]                                     1                      0
     20 squad[516,9]                                     1                      0
     23 squad[516,12]                                    1                      0
     24 squad[19,5]                                      1                      0
     25 squad[19,6]                                      1                      0
     26 squad[19,7]                                      1                      0
     29 squad[19,10]                                     1                      0
     30 squad[19,11]                                     1                      0
     31 squad[19,12]                                     1                      0
     32 squad[108,5]                                     1                      0
     33 squad[108,6]                                     1                      0
     34 squad[108,7]                                     1                      0
     35 squad[108,8]                                     1                      0
     36 squad[108,9]                                     1                      0
     51 squad[504,8]                                     1                      0
     52 squad[504,9]                                     1                      0
     56 squad[373,5]                                     1                      0
     57 squad[373,6]                                     1                      0
     58 squad[373,7]                                     1                      0
     59 squad[373,8]                                     1                      0
     60 squad[373,9]                                     1                      0
     69 squad[140,10]                                    1                      0
     70 squad[140,11]                                    1                      0
     71 squad[140,12]                                    1                      0
     85 squad[599,10]                                    1                      0
     86 squad[599,11]                                    1                      0
     87 squad[599,12]                                    1                      0
    104 squad[131,5]                                     1                      0
    105 squad[131,6]                                     1                      0
    106 squad[131,7]                                     1                      0
    107 squad[131,8]                                     1                      0
    109 squad[131,10]                                    1                      0
    110 squad[131,11]                                    1                      0
    111 squad[131,12]                                    1                      0
    133 squad[225,10]                                    1                      0
    134 squad[225,11]                                    1                      0
    135 squad[225,12]                                    1                      0
    136 squad[143,5]                                     1                      0
    137 squad[143,6]                                     1                      0
    138 squad[143,7]                                     1                      0
    157 squad[34,10]                                     1                      0
    158 squad[34,11]                                     1                      0
    167 squad[132,12]                                    1                      0
    213 squad[36,10]                                     1                      0
    214 squad[36,11]                                     1                      0
    215 squad[36,12]                                     1                      0
    217 squad[220,6]                                     1                      0
    218 squad[220,7]                                     1                      0
    219 squad[220,8]                                     1                      0
    220 squad[220,9]                                     1                      0
    221 squad[220,10]                                    1                      0
    222 squad[220,11]                                    1                      0
    223 squad[220,12]                                    1                      0
    256 squad[511,5]                                     1                      0
    257 squad[511,6]                                     1                      0
    258 squad[511,7]                                     1                      0
    259 squad[511,8]                                     1                      0
    260 squad[511,9]                                     1                      0
    285 squad[291,10]                                    1                      0
    286 squad[291,11]                                    1                      0
    287 squad[291,12]                                    1                      0
    353 squad[315,6]                                     1                      0
    354 squad[315,7]                                     1                      0
    355 squad[315,8]                                     1                      0
    356 squad[315,9]                                     1                      0
    405 squad[524,10]                                    1                      0
    406 squad[524,11]                                    1                      0
    407 squad[524,12]                                    1                      0
    474 squad[168,7]                                     1                      0
    475 squad[168,8]                                     1                      0
    476 squad[168,9]                                     1                      0
    536 squad[20,5]                                      1                      0
    541 squad[20,10]                                     1                      0
    542 squad[20,11]                                     1                      0
    543 squad[20,12]                                     1                      0
    544 squad[112,5]                                     1                      0
    545 squad[112,6]                                     1                      0
    546 squad[112,7]                                     1                      0
    547 squad[112,8]                                     1                      0
    548 squad[112,9]                                     1                      0
    701 squad[241,10]                                    1                      0
    702 squad[241,11]                                    1                      0
    703 squad[241,12]                                    1                      0
    760 squad[230,5]                                     1                      0
    761 squad[230,6]                                     1                      0
    762 squad[230,7]                                     1                      0
    763 squad[230,8]                                     1                      0
    764 squad[230,9]                                     1                      0
    788 squad[439,9]                                     1                      0
    802 squad[614,7]                                     1                      0
    803 squad[614,8]                                     1                      0
    804 squad[614,9]                                     1                      0
    917 squad[33,10]                                     1                      0
    918 squad[33,11]                                     1                      0
    919 squad[33,12]                                     1                      0
   1520 squad[82,5]                                      1                      0
   1521 squad[82,6]                                      1                      0
   1656 squad[195,5]                                     1                      0
   2336 squad[148,5]                                     1                      0
   2337 squad[148,6]                                     1                      0
   2752 squad[538,5]                                     1                      0
   2753 squad[538,6]                                     1                      0
   2754 squad[538,7]                                     1                      0
   2755 squad[538,8]                                     1                      0
   2756 squad[538,9]                                     1                      0
   5610 lineup[308,6]                                    1                 -6.941
   5611 lineup[308,7]                                    1               -5.66185
   5612 lineup[308,8]                                    1              -4.305377
   5613 lineup[308,9]                                    1              -4.379939
   5614 lineup[308,10]                                   1               -3.85867
   5615 lineup[308,11]                                   1              -3.658794
   5616 lineup[308,12]                                   1              -2.454112
   5617 lineup[355,6]                                    1                 -7.476
   5618 lineup[355,7]                                    1                -6.4889
   5619 lineup[355,8]                                    1              -4.251912
   5620 lineup[355,9]                                    1              -3.926715
   5621 lineup[355,10]                                   1              -3.471342
   5622 lineup[355,11]                                   1              -3.465782
   5626 lineup[516,8]                                    1              -5.755435
   5627 lineup[516,9]                                    1              -4.133675
   5630 lineup[516,12]                                   1              -2.443175
   5631 lineup[19,6]                                     1                 -6.005
   5632 lineup[19,7]                                     1                -5.5981
   5635 lineup[19,10]                                    1              -3.629509
   5636 lineup[19,11]                                    1              -2.293956
   5637 lineup[19,12]                                    1              -2.503141
   5638 lineup[108,6]                                    1                 -5.801
   5639 lineup[108,7]                                    1                -5.0099
   5640 lineup[108,8]                                    1              -3.734602
   5641 lineup[108,9]                                    1              -4.399591
   5654 lineup[504,8]                                    1               -4.97658
   5655 lineup[504,9]                                    1              -3.528148
   5659 lineup[373,6]                                    1                 -5.809
   5660 lineup[373,7]                                    1                -4.2432
   5661 lineup[373,8]                                    1              -3.584322
   5662 lineup[373,9]                                    1              -3.666326
   5670 lineup[140,10]                                   1              -2.915405
   5671 lineup[140,11]                                   1              -2.272215
   5672 lineup[140,12]                                   1              -2.470706
   5684 lineup[599,10]                                   1              -3.326224
   5685 lineup[599,11]                                   1               -2.27044
   5686 lineup[599,12]                                   1              -1.940811
   5701 lineup[131,6]                                    1                 -5.594
   5702 lineup[131,7]                                    1               -3.53005
   5703 lineup[131,8]                                    1              -2.864712
   5705 lineup[131,10]                                   1              -2.847022
   5706 lineup[131,11]                                   1              -2.077428
   5707 lineup[131,12]                                   1              -2.349264
   5727 lineup[225,11]                                   1              -2.335665
   5729 lineup[143,6]                                    1                 -5.109
   5730 lineup[143,7]                                    1               -3.70345
   5747 lineup[34,10]                                    1              -2.961863
   5748 lineup[34,11]                                    1               -2.05125
   5756 lineup[132,12]                                   1              -2.296463
   5796 lineup[36,10]                                    1              -3.337708
   5797 lineup[36,11]                                    1              -2.026846
   5798 lineup[36,12]                                    1              -1.808809
   5799 lineup[220,6]                                    1                 -5.125
   5801 lineup[220,8]                                    1              -3.902222
   5803 lineup[220,10]                                   1              -2.419499
   5804 lineup[220,11]                                   1              -2.209652
   5805 lineup[220,12]                                   1              -1.899325
   5836 lineup[511,8]                                    1              -4.321272
   5837 lineup[511,9]                                    1              -2.960082
   5859 lineup[291,10]                                   1              -2.632478
   5860 lineup[291,11]                                   1              -1.983806
   5918 lineup[315,6]                                    1                 -4.324
   5919 lineup[315,7]                                    1               -8.09965
   5920 lineup[315,8]                                    1                -2.6877
   5921 lineup[315,9]                                    1              -2.388946
   5966 lineup[524,12]                                   1              -1.686613
   6024 lineup[168,7]                                    1               -6.40815
   6083 lineup[20,10]                                    1              -2.731659
   6085 lineup[20,12]                                    1              -1.964195
   6086 lineup[112,6]                                    1                 -4.433
   6087 lineup[112,7]                                    1               -3.39575
   6089 lineup[112,9]                                    1              -3.108701
   6275 lineup[230,6]                                    1                 -3.833
   6277 lineup[230,8]                                    1               -2.91023
   6299 lineup[439,9]                                    1              -3.082293
   6311 lineup[614,7]                                    1               -6.04605
   6313 lineup[614,9]                                    1              -2.016786
   8232 captain[308,10]                                  1               -3.85867
   8233 captain[308,11]                                  1              -3.658794
   8235 captain[355,6]                                   1                 -7.476
   8244 captain[516,8]                                   1              -5.755435
   8255 captain[19,12]                                   1              -2.503141
   8259 captain[108,9]                                   1              -4.399591
   8537 captain[315,7]                                   1               -8.09965
  10846 vicecap[308,6]                                   1                -0.6941
  10849 vicecap[308,9]                                   1              -0.437994
  10854 vicecap[355,7]                                   1               -0.64889
  10858 vicecap[355,11]                                  1              -0.346578
  10871 vicecap[19,10]                                   1              -0.362951
  10890 vicecap[504,8]                                   1              -0.497658
  10908 vicecap[140,12]                                  1              -0.247071
  13929 bench[225,10,1]                                  1              -0.507218
  13937 bench[225,12,1]                                  1              -0.376603
  14225 bench[220,7,1]                                   1              -0.673123
  14233 bench[220,9,1]                                   1              -0.448545
  14361 bench[511,6,1]                                   1               -0.66717
  14366 bench[511,7,2]                                   1              -0.177735
  14468 bench[291,12,0]                                  1              -0.043187
  14880 bench[524,10,0]                                  1              -0.065726
  14884 bench[524,11,0]                                  1              -0.044552
  15125 bench[168,8,1]                                   1              -0.502513
  15130 bench[168,9,2]                                   1              -0.120307
  15363 bench[20,11,3]                                   1              -0.003565
  15378 bench[112,8,2]                                   1              -0.137983
  15918 bench[241,10,2]                                  1              -0.116418
  15921 bench[241,11,1]                                  1              -0.366749
  15926 bench[241,12,2]                                  1              -0.091738
  16128 bench[230,7,0]                                   1              -0.077494
  16136 bench[230,9,0]                                   1              -0.051218
  16272 bench[614,8,0]                                   1              -0.071137
  16675 bench[33,10,3]                                   1               -0.00443
  16678 bench[33,11,2]                                   1              -0.097145
  16683 bench[33,12,3]                                   1              -0.003354
  18786 bench[82,6,2]                                    1               -0.12948
  21640 bench[148,6,0]                                   1               -0.02481
  23099 bench[538,6,3]                                   1              -0.000495
  23103 bench[538,7,3]                                   1              -0.001017
  23107 bench[538,8,3]                                   1              -0.000364
  23111 bench[538,9,3]                                   1              -0.000545
  23952 transfer_in[516,8]                               1              1.2191543
  23956 transfer_in[516,12]                              1              0.1715987
  23961 transfer_in[19,10]                               1              0.5841354
  23980 transfer_in[504,8]                               1              1.0583867
  23996 transfer_in[140,10]                              1              0.4431372
  24010 transfer_in[599,10]                              1              0.4431372
  24031 transfer_in[131,10]                              1              0.3558526
  24052 transfer_in[225,10]                              1              0.3759952
  24073 transfer_in[34,10]                               1               0.369281
  24082 transfer_in[132,12]                              1               0.113142
  24122 transfer_in[36,10]                               1              0.3155674
  24125 transfer_in[220,6]                               1              1.0417758
  24185 transfer_in[291,10]                              1               0.369281
  24244 transfer_in[315,6]                               1               0.905892
  24290 transfer_in[524,10]                              1              0.2752822
  24350 transfer_in[168,7]                               1               0.882365
  24409 transfer_in[20,10]                               1              0.3491384
  24549 transfer_in[241,10]                              1               0.268568
  24625 transfer_in[439,9]                               1               0.440316
  24637 transfer_in[614,7]                               1              0.7941285
  24738 transfer_in[33,10]                               1               0.302139
  26557 tr_out_first[131,9]                              1             -0.4990248
  26561 tr_out_first[195,6]                              1             -1.2908961
  26568 tr_out_first[20,6]                               1             -1.1550123
  26579 tr_out_first[108,10]                             1             -0.4498514
  26584 tr_out_first[19,8]                               1             -1.1521678
  26595 tr_out_first[355,12]                             1              -0.263998
  26614 tr_out_reg[516,10]                               1             -0.6109922
  26642 tr_out_reg[504,10]                               1             -0.5304218
  26649 tr_out_reg[373,10]                               1             -0.5639928
  26717 tr_out_reg[143,8]                                1             -0.8708245
  26735 tr_out_reg[34,12]                                1             -0.1037135
  26824 tr_out_reg[511,10]                               1             -0.3155674
  26908 tr_out_reg[315,10]                               1              -0.268568
  27013 tr_out_reg[168,10]                               1               -0.33571
  27076 tr_out_reg[112,10]                               1              -0.302139
  27265 tr_out_reg[230,10]                               1              -0.302139
  27286 tr_out_reg[439,10]                               1              -0.302139
  27300 tr_out_reg[614,10]                               1              -0.302139
  27927 tr_out_reg[82,7]                                 1             -0.7941285
  28641 tr_out_reg[148,7]                                1             -0.7764812
  29008 tr_out_reg[538,10]                               1             -0.2954248
  29214 itb[5]                                         0.5                      0
  29215 itb[6]                                         2.7                      0
  29216 itb[7]                                         2.1                      0
  29217 itb[8]                                         0.2                      0
  29218 itb[9]                                         0.8                      0
  29219 itb[10]                                        2.7                      0
  29220 itb[11]                                        2.7                      0
  29221 itb[12]                                        7.1                      0
  29223 ft[6]                                            2                   -1.5
  29224 ft[7]                                            1                 -1.275
  29225 ft[8]                                            1               -1.08375
  29226 ft[9]                                            1              -0.921187
  29227 ft[10]                                           1              -0.783009
  29228 ft[11]                                           1              -0.665558
  29229 ft[12]                                           2              -0.565724
  29231 pt[7]                                            1                    3.4
  29232 pt[8]                                            1                   2.89
  29243 aux[12]                                          1                      0
  29248 use_wc[10]                                       1                      0
