Optimal (within gap tolerance) - objective value -142.40264800
      0 squad[308,6]                                    1                      0
      1 squad[308,7]                                    1                      0
      2 squad[308,8]                                    1                      0
      3 squad[355,6]                                    1                      0
      4 squad[355,7]                                    1                      0
      5 squad[355,8]                                    1                      0
      8 squad[516,8]                                    1                      0
      9 squad[19,6]                                     1                      0
     10 squad[19,7]                                     1                      0
     15 squad[373,6]                                    1                      0
     16 squad[373,7]                                    1                      0
     17 squad[373,8]                                    1                      0
     21 squad[108,6]                                    1                      0
     22 squad[108,7]                                    1                      0
     23 squad[108,8]                                    1                      0
     39 squad[131,6]                                    1                      0
     40 squad[131,7]                                    1                      0
     41 squad[131,8]                                    1                      0
     51 squad[143,6]                                    1                      0
     52 squad[143,7]                                    1                      0
     53 squad[143,8]                                    1                      0
     69 squad[405,6]                                    1                      0
     70 squad[405,7]                                    1                      0
     71 squad[405,8]                                    1                      0
    105 squad[511,6]                                    1                      0
    106 squad[511,7]                                    1                      0
    107 squad[511,8]                                    1                      0
    219 squad[20,6]                                     1                      0
    220 squad[20,7]                                     1                      0
    221 squad[20,8]                                     1                      0
    261 squad[230,6]                                    1                      0
    262 squad[230,7]                                    1                      0
    263 squad[230,8]                                    1                      0
    294 squad[112,6]                                    1                      0
    295 squad[112,7]                                    1                      0
    296 squad[112,8]                                    1                      0
    741 squad[148,6]                                    1                      0
    742 squad[148,7]                                    1                      0
    743 squad[148,8]                                    1                      0
    879 squad[82,6]                                     1                      0
    880 squad[82,7]                                     1                      0
    881 squad[82,8]                                     1                      0
   1023 squad[538,6]                                    1                      0
   1024 squad[538,7]                                    1                      0
   1025 squad[538,8]                                    1                      0
   1113 squad_fh[308,7]                                 1                      0
   1115 squad_fh[355,7]                                 1                      0
   1119 squad_fh[19,7]                                  1                      0
   1125 squad_fh[526,7]                                 1                      0
   1133 squad_fh[664,7]                                 1                      0
   1143 squad_fh[430,7]                                 1                      0
   1145 squad_fh[343,7]                                 1                      0
   1159 squad_fh[405,7]                                 1                      0
   1185 squad_fh[326,7]                                 1                      0
   1209 squad_fh[161,7]                                 1                      0
   1237 squad_fh[427,7]                                 1                      0
   1271 squad_fh[596,7]                                 1                      0
   1291 squad_fh[614,7]                                 1                      0
   1363 squad_fh[316,7]                                 1                      0
   1407 squad_fh[178,7]                                 1                      0
   1855 lineup[308,7]                                   1                 -6.314
   1856 lineup[308,8]                                   1                -4.8552
   1857 lineup[355,7]                                   1                  -7.51
   1858 lineup[355,8]                                   1               -4.71665
   1860 lineup[516,8]                                   1                -6.4056
   1861 lineup[19,7]                                    1                 -6.354
   1866 lineup[373,8]                                   1                -4.2925
   1867 lineup[526,7]                                   1                 -6.263
   1870 lineup[108,8]                                   1               -4.28655
   1875 lineup[664,7]                                   1                 -6.211
   1882 lineup[131,8]                                   1                -3.5258
   1885 lineup[430,7]                                   1                 -6.113
   1890 lineup[143,8]                                   1               -3.61335
   1901 lineup[405,7]                                   1                 -5.833
   1902 lineup[405,8]                                   1               -3.39235
   1926 lineup[511,8]                                   1                -4.7515
   1927 lineup[326,7]                                   1                 -7.866
   1951 lineup[161,7]                                   1                 -7.741
   2030 lineup[230,8]                                   1                -3.3932
   2033 lineup[614,7]                                   1                 -7.296
   2052 lineup[112,8]                                   1                -2.6061
   2105 lineup[316,7]                                   1                 -6.999
   2602 captain[516,8]                                  1                -6.4056
   2669 captain[326,7]                                  1                 -7.866
   3340 vicecap[308,8]                                  1               -0.48552
   3435 vicecap[161,7]                                  1                -0.7741
   4210 bench[343,7,1]                                  1                -1.1445
   4579 bench[427,7,2]                                  1               -0.30354
   4670 bench[20,8,1]                                   1               -0.41644
   4713 bench[596,7,0]                                  1               -0.18795
   5260 bench[178,7,3]                                  1              -0.014991
   6061 bench[148,8,0]                                  1              -0.033073
   6431 bench[82,8,2]                                   1              -0.034221
   6816 bench[538,8,3]                                  1              -0.000413
   7054 transfer_in[516,8]                              1                  0.391
   7800 tr_out_first[19,8]                              1                -0.3655
   8549 itb[6]                                        1.6                      0
   8550 itb[7]                                        1.6                      0
   8551 itb[8]                                          1                      0
   8553 ft[7]                                           2                   -1.5
   8554 ft[8]                                           1                 -1.275
   8563 use_fh[7]                                       1                      0
