Optimal (within gap tolerance) - objective value -221.28973400
      0 squad[333,34]                                    1                       0
      1 squad[333,35]                                    1                       0
      2 squad[333,36]                                    1                       0
      3 squad[333,37]                                    1                       0
      4 squad[333,38]                                    1                       0
      8 squad[318,37]                                    1                       0
      9 squad[318,38]                                    1                       0
     10 squad[124,34]                                    1                       0
     11 squad[124,35]                                    1                       0
     12 squad[124,36]                                    1                       0
     13 squad[124,37]                                    1                       0
     14 squad[124,38]                                    1                       0
     15 squad[335,34]                                    1                       0
     16 squad[335,35]                                    1                       0
     17 squad[335,36]                                    1                       0
     18 squad[335,37]                                    1                       0
     19 squad[335,38]                                    1                       0
     20 squad[116,34]                                    1                       0
     21 squad[116,35]                                    1                       0
     22 squad[116,36]                                    1                       0
     23 squad[116,37]                                    1                       0
     24 squad[116,38]                                    1                       0
     29 squad[283,38]                                    1                       0
     30 squad[102,34]                                    1                       0
     31 squad[102,35]                                    1                       0
     32 squad[102,36]                                    1                       0
     33 squad[102,37]                                    1                       0
     34 squad[102,38]                                    1                       0
     48 squad[301,37]                                    1                       0
     50 squad[357,34]                                    1                       0
     51 squad[357,35]                                    1                       0
     52 squad[357,36]                                    1                       0
     53 squad[357,37]                                    1                       0
     54 squad[357,38]                                    1                       0
     55 squad[332,34]                                    1                       0
     56 squad[332,35]                                    1                       0
     57 squad[332,36]                                    1                       0
     58 squad[332,37]                                    1                       0
     59 squad[332,38]                                    1                       0
     60 squad[427,34]                                    1                       0
     61 squad[427,35]                                    1                       0
     62 squad[427,36]                                    1                       0
    100 squad[175,34]                                    1                       0
    101 squad[175,35]                                    1                       0
    102 squad[175,36]                                    1                       0
    103 squad[175,37]                                    1                       0
    104 squad[175,38]                                    1                       0
    110 squad[285,34]                                    1                       0
    111 squad[285,35]                                    1                       0
    127 squad[139,36]                                    1                       0
    128 squad[139,37]                                    1                       0
    129 squad[139,38]                                    1                       0
    160 squad[594,34]                                    1                       0
    161 squad[594,35]                                    1                       0
    162 squad[594,36]                                    1                       0
    163 squad[594,37]                                    1                       0
    164 squad[594,38]                                    1                       0
    175 squad[377,34]                                    1                       0
    176 squad[377,35]                                    1                       0
    177 squad[377,36]                                    1                       0
    178 squad[377,37]                                    1                       0
    179 squad[377,38]                                    1                       0
    225 squad[312,34]                                    1                       0
    226 squad[312,35]                                    1                       0
    227 squad[312,36]                                    1                       0
    228 squad[312,37]                                    1                       0
    230 squad[66,34]                                     1                       0
    231 squad[66,35]                                     1                       0
    232 squad[66,36]                                     1                       0
    233 squad[66,37]                                     1                       0
    234 squad[66,38]                                     1                       0
    290 squad[303,34]                                    1                       0
    291 squad[303,35]                                    1                       0
    292 squad[303,36]                                    1                       0
    304 squad[10,38]                                     1                       0
   3600 lineup[333,35]                                   1                  -5.206
   3601 lineup[333,36]                                   1                  -4.576
   3602 lineup[333,37]                                   1                -6.89984
   3603 lineup[333,38]                                   1               -2.874368
   3606 lineup[318,37]                                   1                -6.48192
   3607 lineup[318,38]                                   1                -2.80576
   3608 lineup[124,35]                                   1                  -5.156
   3609 lineup[124,36]                                   1                   -6.46
   3610 lineup[124,37]                                   1                -5.52448
   3611 lineup[124,38]                                   1               -2.153984
   3612 lineup[335,35]                                   1                  -5.066
   3613 lineup[335,36]                                   1                 -4.2928
   3614 lineup[335,37]                                   1                -6.27264
   3615 lineup[335,38]                                   1               -2.554368
   3616 lineup[116,35]                                   1                  -4.967
   3617 lineup[116,36]                                   1                 -6.0984
   3618 lineup[116,37]                                   1                -5.30176
   3619 lineup[116,38]                                   1               -1.963008
   3623 lineup[283,38]                                   1               -3.200512
   3624 lineup[102,35]                                   1                  -4.534
   3625 lineup[102,36]                                   1                  -5.076
   3626 lineup[102,37]                                   1                -5.14368
   3638 lineup[301,37]                                   1                 -5.5424
   3640 lineup[357,35]                                   1                  -3.561
   3641 lineup[357,36]                                   1                 -6.6592
   3642 lineup[357,37]                                   1                -3.16672
   3643 lineup[357,38]                                   1                -2.11712
   3644 lineup[332,35]                                   1                  -3.663
   3645 lineup[332,36]                                   1                 -3.7448
   3646 lineup[332,37]                                   1                 -5.1232
   3647 lineup[332,38]                                   1               -2.190336
   3648 lineup[427,35]                                   1                  -5.205
   3649 lineup[427,36]                                   1                 -3.9216
   3683 lineup[175,38]                                   1               -2.551808
   3688 lineup[285,35]                                   1                  -4.478
   3701 lineup[139,36]                                   1                 -3.9032
   3702 lineup[139,37]                                   1                -3.31904
   3728 lineup[594,35]                                   1                  -3.643
   3729 lineup[594,36]                                   1                   -4.88
   3741 lineup[377,36]                                   1                 -5.0624
   3782 lineup[312,37]                                   1                -4.16256
   3784 lineup[66,35]                                    1                   -3.67
   3787 lineup[66,38]                                    1                -1.98144
   3843 lineup[10,38]                                    1               -2.247168
   5200 captain[333,35]                                  1                  -5.206
   5202 captain[333,37]                                  1                -6.89984
   5223 captain[283,38]                                  1               -3.200512
   5241 captain[357,36]                                  1                 -6.6592
   6803 vicecap[333,38]                                  1               -0.287437
   6806 vicecap[318,37]                                  1               -0.648192
   6809 vicecap[124,36]                                  1                  -0.646
   6848 vicecap[427,35]                                  1                 -0.5205
   8508 bench[102,38,0]                                  1               -0.060411
   8720 bench[175,35,0]                                  1                -0.11481
   8724 bench[175,36,0]                                  1               -0.113016
   8728 bench[175,37,0]                                  1               -0.081696
   8815 bench[139,38,3]                                  1               -0.004725
   8923 bench[594,37,3]                                  1               -0.006136
   8925 bench[594,38,1]                                  1               -0.362665
   8962 bench[377,35,2]                                  1                -0.15816
   8969 bench[377,37,1]                                  1               -0.503731
   8974 bench[377,38,2]                                  1               -0.095201
   9123 bench[312,35,3]                                  1               -0.007047
   9127 bench[312,36,3]                                  1               -0.007008
   9141 bench[66,36,1]                                   1                 -0.6342
   9146 bench[66,37,2]                                   1               -0.135053
   9329 bench[303,35,1]                                  1                -0.65961
   9334 bench[303,36,2]                                  1               -0.141072
  14806 transfer_in[318,37]                              1                       0
  14823 transfer_in[283,38]                              1                       0
  14838 transfer_in[301,37]                              1                       0
  14901 transfer_in[139,36]                              1                       0
  15043 transfer_in[10,38]                               1                       0
  16405 tr_out_first[285,36]                             1                       0
  16418 tr_out_first[303,37]                             1                       0
  16475 tr_out_reg[301,38]                               1                       0
  16486 tr_out_reg[427,37]                               1                       0
  16619 tr_out_reg[312,38]                               1                       0
  18036 itb[34]                                        4.6                       0
  18037 itb[35]                                        4.6                       0
  18038 itb[36]                                        6.5                       0
  18039 itb[37]                                        0.9                       0
  18040 itb[38]                                        0.9                       0
  18042 ft[35]                                           1                      -2
  18043 ft[36]                                           2                    -1.6
  18044 ft[37]                                           2                   -1.28
  18045 ft[38]                                           1                  -1.024
  18049 pt[38]                                           1                   2.048
  18051 aux[36]                                          1                       0
  18052 aux[37]                                          1                       0
