Optimal (within gap tolerance) - objective value -273.54323908
      0 squad[318,21]                                    1                       0
      1 squad[318,22]                                    1                       0
      2 squad[318,23]                                    1                       0
      3 squad[318,24]                                    1                       0
      4 squad[318,25]                                    1                       0
      5 squad[318,26]                                    1                       0
      6 squad[13,21]                                     1                       0
      7 squad[13,22]                                     1                       0
      8 squad[13,23]                                     1                       0
      9 squad[13,24]                                     1                       0
     10 squad[13,25]                                     1                       0
     11 squad[13,26]                                     1                       0
     18 squad[335,21]                                    1                       0
     19 squad[335,22]                                    1                       0
     20 squad[335,23]                                    1                       0
     21 squad[335,24]                                    1                       0
     22 squad[335,25]                                    1                       0
     23 squad[335,26]                                    1                       0
     36 squad[301,21]                                    1                       0
     37 squad[301,22]                                    1                       0
     38 squad[301,23]                                    1                       0
     45 squad[427,24]                                    1                       0
     46 squad[427,25]                                    1                       0
     47 squad[427,26]                                    1                       0
     48 squad[332,21]                                    1                       0
     49 squad[332,22]                                    1                       0
     50 squad[332,23]                                    1                       0
     51 squad[332,24]                                    1                       0
     52 squad[332,25]                                    1                       0
     53 squad[332,26]                                    1                       0
     62 squad[26,23]                                     1                       0
     63 squad[26,24]                                     1                       0
     64 squad[26,25]                                     1                       0
     65 squad[26,26]                                     1                       0
     66 squad[307,21]                                    1                       0
     67 squad[307,22]                                    1                       0
     68 squad[307,23]                                    1                       0
     69 squad[307,24]                                    1                       0
     70 squad[307,25]                                    1                       0
     71 squad[307,26]                                    1                       0
     72 squad[16,21]                                     1                       0
     73 squad[16,22]                                     1                       0
     74 squad[16,23]                                     1                       0
     75 squad[16,24]                                     1                       0
     76 squad[16,25]                                     1                       0
     77 squad[16,26]                                     1                       0
     78 squad[133,21]                                    1                       0
     79 squad[133,22]                                    1                       0
     80 squad[133,23]                                    1                       0
     81 squad[133,24]                                    1                       0
     82 squad[133,25]                                    1                       0
     83 squad[133,26]                                    1                       0
    120 squad[357,21]                                    1                       0
    121 squad[357,22]                                    1                       0
    122 squad[357,23]                                    1                       0
    123 squad[357,24]                                    1                       0
    124 squad[357,25]                                    1                       0
    125 squad[357,26]                                    1                       0
    147 squad[124,24]                                    1                       0
    148 squad[124,25]                                    1                       0
    149 squad[124,26]                                    1                       0
    157 squad[593,22]                                    1                       0
    158 squad[593,23]                                    1                       0
    159 squad[593,24]                                    1                       0
    160 squad[593,25]                                    1                       0
    161 squad[593,26]                                    1                       0
    270 squad[210,21]                                    1                       0
    271 squad[210,22]                                    1                       0
    272 squad[210,23]                                    1                       0
    273 squad[210,24]                                    1                       0
    274 squad[210,25]                                    1                       0
    275 squad[210,26]                                    1                       0
    330 squad[358,21]                                    1                       0
    331 squad[358,22]                                    1                       0
    332 squad[358,23]                                    1                       0
    333 squad[358,24]                                    1                       0
    334 squad[358,25]                                    1                       0
    335 squad[358,26]                                    1                       0
    349 squad[619,22]                                    1                       0
    350 squad[619,23]                                    1                       0
    378 squad[160,21]                                    1                       0
    528 squad[346,21]                                    1                       0
    529 squad[346,22]                                    1                       0
    530 squad[346,23]                                    1                       0
    531 squad[346,24]                                    1                       0
    532 squad[346,25]                                    1                       0
    533 squad[346,26]                                    1                       0
    888 squad[345,21]                                    1                       0
   2022 squad[112,21]                                    1                       0
   2023 squad[112,22]                                    1                       0
   5588 lineup[318,22]                                   1                -6.25819
   5589 lineup[318,23]                                   1                 -13.185
   5590 lineup[318,24]                                   1               -5.019089
   5591 lineup[318,25]                                   1               -3.222002
   5592 lineup[318,26]                                   1               -2.286235
   5593 lineup[13,22]                                    1               -5.753713
   5594 lineup[13,23]                                    1               -7.801542
   5595 lineup[13,24]                                    1               -3.556855
   5596 lineup[13,25]                                    1               -2.821511
   5597 lineup[13,26]                                    1               -2.272184
   5603 lineup[335,22]                                   1               -10.42927
   5604 lineup[335,23]                                   1               -3.959831
   5605 lineup[335,24]                                   1               -3.102355
   5606 lineup[335,25]                                   1               -2.453339
   5607 lineup[335,26]                                   1               -2.336741
   5618 lineup[301,22]                                   1               -5.035613
   5619 lineup[301,23]                                   1               -8.557779
   5625 lineup[427,24]                                   1               -3.582266
   5626 lineup[427,25]                                   1                -3.44833
   5627 lineup[427,26]                                   1               -2.565024
   5628 lineup[332,22]                                   1               -9.921972
   5629 lineup[332,23]                                   1               -3.404038
   5630 lineup[332,24]                                   1               -3.173642
   5631 lineup[332,25]                                   1               -2.261227
   5639 lineup[26,23]                                    1               -7.158443
   5640 lineup[26,24]                                    1               -2.941403
   5641 lineup[26,25]                                    1               -1.971412
   5642 lineup[26,26]                                    1               -2.799685
   5644 lineup[307,23]                                   1               -6.327181
   5646 lineup[307,25]                                   1               -2.300568
   5648 lineup[16,22]                                    1               -4.452156
   5649 lineup[16,23]                                    1               -5.640766
   5650 lineup[16,24]                                    1               -2.518172
   5651 lineup[16,25]                                    1               -2.155309
   5652 lineup[16,26]                                    1               -2.639868
   5653 lineup[133,22]                                   1               -4.899546
   5655 lineup[133,24]                                   1               -3.221897
   5657 lineup[133,26]                                   1               -2.250333
   5688 lineup[357,22]                                   1                -4.65117
   5689 lineup[357,23]                                   1               -4.260994
   5690 lineup[357,24]                                   1               -2.612281
   5691 lineup[357,25]                                   1               -2.083666
   5692 lineup[357,26]                                   1               -1.351677
   5710 lineup[124,24]                                   1               -2.689584
   5711 lineup[124,25]                                   1               -2.034244
   5712 lineup[124,26]                                   1               -2.284536
   5718 lineup[593,22]                                   1               -7.909948
   5720 lineup[593,24]                                   1               -2.551494
   5814 lineup[210,23]                                   1               -3.446308
   5816 lineup[210,25]                                   1               -2.397685
   5817 lineup[210,26]                                   1                -1.81539
   5863 lineup[358,22]                                   1               -4.288142
   5864 lineup[358,23]                                   1               -3.382937
   5878 lineup[619,22]                                   1               -7.633972
   6032 lineup[346,26]                                   1               -1.569971
   8129 captain[318,23]                                  1                 -13.185
   8130 captain[318,24]                                  1               -5.019089
   8143 captain[335,22]                                  1               -10.42927
   8166 captain[427,25]                                  1                -3.44833
   8182 captain[26,26]                                   1               -2.799685
  10671 vicecap[318,25]                                  1              -0.3222002
  10699 vicecap[301,23]                                  1              -0.8557779
  10705 vicecap[427,24]                                  1              -0.3582266
  10708 vicecap[332,22]                                  1              -0.9921972
  10732 vicecap[16,26]                                   1              -0.2639868
  13385 bench[332,26,1]                                  1              -0.2588746
  13428 bench[307,22,0]                                  1              -0.1019998
  13436 bench[307,24,0]                                  1             -0.08720557
  13444 bench[307,26,0]                                  1             -0.05486608
  13472 bench[133,23,0]                                  1              -0.1109644
  13480 bench[133,25,0]                                  1              -0.0592553
  13733 bench[593,23,1]                                  1              -0.5937757
  13741 bench[593,25,1]                                  1              -0.3913668
  13746 bench[593,26,2]                                  1             -0.07348995
  14110 bench[210,22,2]                                  1              -0.1375509
  14117 bench[210,24,1]                                  1              -0.5210075
  14318 bench[358,24,2]                                  1              -0.1474769
  14323 bench[358,25,3]                                  1            -0.005176018
  14327 bench[358,26,3]                                  1            -0.003331348
  14375 bench[619,23,3]                                  1            -0.006770386
  14969 bench[346,22,1]                                  1              -0.6503244
  14974 bench[346,23,2]                                  1              -0.1653355
  14979 bench[346,24,3]                                  1            -0.006041536
  14982 bench[346,25,2]                                  1              -0.1076115
  19951 bench[112,22,3]                                  1            -0.004730419
  23405 transfer_in[427,24]                              1                3.921582
  23419 transfer_in[26,23]                               1               2.6456431
  23490 transfer_in[124,24]                              1               1.7094075
  23498 transfer_in[593,22]                              1                3.425972
  23658 transfer_in[619,22]                              1               3.4958898
  25975 tr_out_reg[301,24]                               1              -4.1897244
  26235 tr_out_reg[619,24]                               1              -1.6758898
  26258 tr_out_reg[160,22]                               1               -5.103999
  26683 tr_out_reg[345,22]                               1              -4.5446567
  27629 tr_out_reg[112,23]                               1              -2.5458075
  28483 itb[21]                                        0.2                       0
  28484 itb[22]                                        4.1           5.5511151e-17
  28485 itb[23]                                        3.9                       0
  28486 itb[24]                                        4.6           2.7755576e-17
  28487 itb[25]                                        4.6           1.3877788e-17
  28488 itb[26]                                        4.6                       0
  28490 ft[22]                                           2                    -1.5
  28491 ft[23]                                           1                   -1.23
  28492 ft[24]                                           1                 -1.0086
  28493 ft[25]                                           1               -0.827052
  28494 ft[26]                                           2              -0.6781826
  28497 pt[24]                                           1                  2.6896
  28504 aux[26]                                          1                       0
