Optimal (within gap tolerance) - objective value -282.01278520
      0 squad[318,21]                                    1                       0
      1 squad[318,22]                                    1                       0
      2 squad[318,23]                                    1                       0
      3 squad[318,24]                                    1                       0
      4 squad[318,25]                                    1                       0
      5 squad[318,26]                                    1                       0
      6 squad[13,21]                                     1                       0
      7 squad[13,22]                                     1                       0
      8 squad[13,23]                                     1                       0
      9 squad[13,24]                                     1                       0
     10 squad[13,25]                                     1                       0
     11 squad[13,26]                                     1                       0
     15 squad[283,24]                                    1                       0
     16 squad[283,25]                                    1                       0
     17 squad[283,26]                                    1                       0
     18 squad[335,21]                                    1                       0
     19 squad[335,22]                                    1                       0
     20 squad[335,23]                                    1                       0
     21 squad[335,24]                                    1                       0
     22 squad[335,25]                                    1                       0
     23 squad[335,26]                                    1                       0
     25 squad[333,22]                                    1                       0
     26 squad[333,23]                                    1                       0
     31 squad[7,22]                                      1                       0
     32 squad[7,23]                                      1                       0
     33 squad[7,24]                                      1                       0
     34 squad[7,25]                                      1                       0
     35 squad[7,26]                                      1                       0
     36 squad[301,21]                                    1                       0
     48 squad[332,21]                                    1                       0
     49 squad[332,22]                                    1                       0
     50 squad[332,23]                                    1                       0
     51 squad[332,24]                                    1                       0
     52 squad[332,25]                                    1                       0
     53 squad[332,26]                                    1                       0
     66 squad[307,21]                                    1                       0
     67 squad[307,22]                                    1                       0
     68 squad[307,23]                                    1                       0
     69 squad[307,24]                                    1                       0
     70 squad[307,25]                                    1                       0
     71 squad[307,26]                                    1                       0
     72 squad[16,21]                                     1                       0
     73 squad[16,22]                                     1                       0
     74 squad[16,23]                                     1                       0
     75 squad[16,24]                                     1                       0
     76 squad[16,25]                                     1                       0
     77 squad[16,26]                                     1                       0
     78 squad[133,21]                                    1                       0
    120 squad[357,21]                                    1                       0
    121 squad[357,22]                                    1                       0
    122 squad[357,23]                                    1                       0
    123 squad[357,24]                                    1                       0
    124 squad[357,25]                                    1                       0
    125 squad[357,26]                                    1                       0
    151 squad[238,22]                                    1                       0
    152 squad[238,23]                                    1                       0
    153 squad[238,24]                                    1                       0
    154 squad[238,25]                                    1                       0
    155 squad[238,26]                                    1                       0
    211 squad[586,22]                                    1                       0
    212 squad[586,23]                                    1                       0
    213 squad[586,24]                                    1                       0
    214 squad[586,25]                                    1                       0
    215 squad[586,26]                                    1                       0
    270 squad[210,21]                                    1                       0
    330 squad[358,21]                                    1                       0
    343 squad[225,22]                                    1                       0
    344 squad[225,23]                                    1                       0
    349 squad[619,22]                                    1                       0
    350 squad[619,23]                                    1                       0
    351 squad[619,24]                                    1                       0
    352 squad[619,25]                                    1                       0
    353 squad[619,26]                                    1                       0
    355 squad[461,22]                                    1                       0
    356 squad[461,23]                                    1                       0
    357 squad[461,24]                                    1                       0
    358 squad[461,25]                                    1                       0
    359 squad[461,26]                                    1                       0
    378 squad[160,21]                                    1                       0
    441 squad[116,24]                                    1                       0
    442 squad[116,25]                                    1                       0
    443 squad[116,26]                                    1                       0
    528 squad[346,21]                                    1                       0
    541 squad[596,22]                                    1                       0
    542 squad[596,23]                                    1                       0
    543 squad[596,24]                                    1                       0
    544 squad[596,25]                                    1                       0
    545 squad[596,26]                                    1                       0
    888 squad[345,21]                                    1                       0
   2022 squad[112,21]                                    1                       0
   5588 lineup[318,22]                                   1               -6.666429
   5589 lineup[318,23]                                   1               -9.449804
   5590 lineup[318,24]                                   1               -4.756726
   5591 lineup[318,25]                                   1               -3.992306
   5592 lineup[318,26]                                   1                 -2.6527
   5593 lineup[13,22]                                    1               -5.179816
   5594 lineup[13,23]                                    1               -7.705115
   5595 lineup[13,24]                                    1               -2.934045
   5596 lineup[13,25]                                    1               -3.399319
   5597 lineup[13,26]                                    1               -2.844056
   5600 lineup[283,24]                                   1               -3.417571
   5601 lineup[283,25]                                   1               -4.125545
   5602 lineup[283,26]                                   1               -2.318218
   5603 lineup[335,22]                                   1              -10.771091
   5604 lineup[335,23]                                   1               -4.812957
   5605 lineup[335,24]                                   1               -2.737356
   5606 lineup[335,25]                                   1               -2.699637
   5607 lineup[335,26]                                   1               -1.642485
   5608 lineup[333,22]                                   1               -9.913523
   5609 lineup[333,23]                                   1               -4.003815
   5613 lineup[7,22]                                     1               -5.431662
   5614 lineup[7,23]                                     1                -8.06725
   5615 lineup[7,24]                                     1               -3.122971
   5616 lineup[7,25]                                     1                -2.24764
   5617 lineup[7,26]                                     1               -2.353069
   5628 lineup[332,22]                                   1               -9.864053
   5629 lineup[332,23]                                   1               -3.535952
   5630 lineup[332,24]                                   1               -3.007855
   5631 lineup[332,25]                                   1               -2.594907
   5644 lineup[307,23]                                   1               -6.189266
   5645 lineup[307,24]                                   1               -2.941547
   5646 lineup[307,25]                                   1               -2.391508
   5647 lineup[307,26]                                   1               -1.806545
   5649 lineup[16,23]                                    1               -6.531808
   5650 lineup[16,24]                                    1               -2.673805
   5651 lineup[16,25]                                    1               -2.211494
   5652 lineup[16,26]                                    1               -2.732476
   5688 lineup[357,22]                                   1               -5.719317
   5689 lineup[357,23]                                   1               -4.209636
   5690 lineup[357,24]                                   1               -2.210353
   5691 lineup[357,25]                                   1               -2.548612
   5713 lineup[238,22]                                   1               -6.699383
   5763 lineup[586,22]                                   1               -5.102326
   5764 lineup[586,23]                                   1               -3.114799
   5765 lineup[586,24]                                   1               -3.278428
   5767 lineup[586,26]                                   1                 -2.1922
   5873 lineup[225,22]                                   1               -7.806726
   5878 lineup[619,22]                                   1               -7.770735
   5884 lineup[461,23]                                   1               -3.505504
   5886 lineup[461,25]                                   1               -3.553782
   5887 lineup[461,26]                                   1               -1.661951
   5955 lineup[116,24]                                   1               -2.802098
   5956 lineup[116,25]                                   1               -2.086543
   5957 lineup[116,26]                                   1               -1.860495
   6042 lineup[596,26]                                   1               -1.900912
   8129 captain[318,23]                                  1               -9.449804
   8130 captain[318,24]                                  1               -4.756726
   8137 captain[13,26]                                   1               -2.844056
   8141 captain[283,25]                                  1               -4.125545
   8143 captain[335,22]                                  1              -10.771091
  10671 vicecap[318,25]                                  1               -0.399231
  10680 vicecap[283,24]                                  1               -0.341757
  10688 vicecap[333,22]                                  1               -0.991352
  10694 vicecap[7,23]                                    1               -0.806725
  10732 vicecap[16,26]                                   1               -0.273248
  13385 bench[332,26,1]                                  1               -0.283194
  13428 bench[307,22,0]                                  1               -0.101969
  13450 bench[16,22,2]                                   1               -0.263193
  13626 bench[357,26,2]                                  1               -0.061641
  13712 bench[238,23,0]                                  1               -0.076398
  13716 bench[238,24,0]                                  1               -0.077904
  13720 bench[238,25,0]                                  1                -0.06698
  13724 bench[238,26,0]                                  1               -0.042891
  13921 bench[586,25,1]                                  1               -0.301277
  14355 bench[225,23,3]                                  1               -0.006294
  14374 bench[619,23,2]                                  1               -0.131116
  14378 bench[619,24,2]                                  1               -0.099054
  14383 bench[619,25,3]                                  1               -0.002022
  14387 bench[619,26,3]                                  1               -0.002387
  14391 bench[461,22,3]                                  1               -0.009464
  14397 bench[461,24,1]                                  1               -0.443867
  15009 bench[596,22,1]                                  1               -0.999293
  15013 bench[596,23,1]                                  1               -0.604283
  15019 bench[596,24,3]                                  1               -0.003533
  15022 bench[596,25,2]                                  1               -0.077356
  23380 transfer_in[283,24]                              1               4.2902784
  23388 transfer_in[333,22]                              1               6.9218622
  23393 transfer_in[7,22]                                1               4.8243282
  23493 transfer_in[238,22]                              1                3.146301
  23543 transfer_in[586,22]                              1                3.146301
  23653 transfer_in[225,22]                              1               4.4747392
  23658 transfer_in[619,22]                              1                 3.49589
  23663 transfer_in[461,22]                              1               3.0763832
  23735 transfer_in[116,24]                              1               1.8099612
  23818 transfer_in[596,22]                              1               3.2162188
  25908 tr_out_first[133,22]                             1               -3.146301
  25918 tr_out_first[358,22]                             1               -3.146301
  25938 tr_out_first[210,22]                             1              -4.8243282
  25965 tr_out_reg[333,24]                               1              -3.3182622
  25973 tr_out_reg[301,22]                               1               -8.739725
  26230 tr_out_reg[225,24]                               1              -2.1451392
  26258 tr_out_reg[160,22]                               1              -5.1039994
  26383 tr_out_reg[346,22]                               1               -3.146301
  26683 tr_out_reg[345,22]                               1               -4.544657
  27628 tr_out_reg[112,22]                               1              -3.5658078
  28483 itb[21]                                        0.2           -1.110223e-16
  28484 itb[22]                                        5.8           5.5511151e-17
  28485 itb[23]                                        5.8                       0
  28486 itb[24]                                        3.9                       0
  28487 itb[25]                                        3.9                       0
  28488 itb[26]                                        3.9                       0
  28490 ft[22]                                           2                    -1.5
  28491 ft[23]                                           1                   -1.23
  28492 ft[24]                                           2                 -1.0086
  28493 ft[25]                                           1               -0.827052
  28494 ft[26]                                           2               -0.678183
  28502 aux[24]                                          1                       0
  28504 aux[26]                                          1                       0
  28505 use_wc[22]                                       1                       0
