Optimal (within gap tolerance) - objective value -215.73122450
      1 squad[308,1]                                    1                      0
      2 squad[308,2]                                    1                      0
      3 squad[308,3]                                    1                      0
      4 squad[308,4]                                    1                      0
      6 squad[355,1]                                    1                      0
      7 squad[355,2]                                    1                      0
      8 squad[355,3]                                    1                      0
      9 squad[355,4]                                    1                      0
     16 squad[373,1]                                    1                      0
     17 squad[373,2]                                    1                      0
     18 squad[373,3]                                    1                      0
     19 squad[373,4]                                    1                      0
     26 squad[19,1]                                     1                      0
     27 squad[19,2]                                     1                      0
     28 squad[19,3]                                     1                      0
     29 squad[19,4]                                     1                      0
     61 squad[108,1]                                    1                      0
     62 squad[108,2]                                    1                      0
     63 squad[108,3]                                    1                      0
     64 squad[108,4]                                    1                      0
     66 squad[143,1]                                    1                      0
     67 squad[143,2]                                    1                      0
     68 squad[143,3]                                    1                      0
     69 squad[143,4]                                    1                      0
    116 squad[5,1]                                      1                      0
    117 squad[5,2]                                      1                      0
    118 squad[5,3]                                      1                      0
    119 squad[5,4]                                      1                      0
    121 squad[131,1]                                    1                      0
    122 squad[131,2]                                    1                      0
    123 squad[131,3]                                    1                      0
    124 squad[131,4]                                    1                      0
    176 squad[230,1]                                    1                      0
    177 squad[230,2]                                    1                      0
    178 squad[230,3]                                    1                      0
    179 squad[230,4]                                    1                      0
    181 squad[20,1]                                     1                      0
    182 squad[20,2]                                     1                      0
    183 squad[20,3]                                     1                      0
    184 squad[20,4]                                     1                      0
    191 squad[148,1]                                    1                      0
    192 squad[148,2]                                    1                      0
    193 squad[148,3]                                    1                      0
    194 squad[148,4]                                    1                      0
    201 squad[195,1]                                    1                      0
    202 squad[195,2]                                    1                      0
    203 squad[195,3]                                    1                      0
    204 squad[195,4]                                    1                      0
    301 squad[112,1]                                    1                      0
    302 squad[112,2]                                    1                      0
    303 squad[112,3]                                    1                      0
    304 squad[112,4]                                    1                      0
   1401 squad[538,1]                                    1                      0
   1402 squad[538,2]                                    1                      0
   1403 squad[538,3]                                    1                      0
   1404 squad[538,4]                                    1                      0
   1481 squad[82,1]                                     1                      0
   1482 squad[82,2]                                     1                      0
   1483 squad[82,3]                                     1                      0
   1484 squad[82,4]                                     1                      0
   3384 lineup[308,1]                                   1                 -6.446
   3385 lineup[308,2]                                   1               -6.20755
   3386 lineup[308,3]                                   1               -3.88994
   3387 lineup[308,4]                                   1              -4.003481
   3388 lineup[355,1]                                   1                 -6.912
   3389 lineup[355,2]                                   1                 -4.267
   3390 lineup[355,3]                                   1              -5.553135
   3391 lineup[355,4]                                   1              -3.951894
   3396 lineup[373,1]                                   1                 -6.053
   3397 lineup[373,2]                                   1                -4.5662
   3398 lineup[373,3]                                   1               -4.48528
   3399 lineup[373,4]                                   1              -2.922007
   3404 lineup[19,1]                                    1                 -5.991
   3405 lineup[19,2]                                    1               -4.49225
   3406 lineup[19,3]                                    1               -4.17027
   3407 lineup[19,4]                                    1              -3.189151
   3432 lineup[108,1]                                   1                 -5.109
   3433 lineup[108,2]                                   1               -4.14885
   3434 lineup[108,3]                                   1              -3.647902
   3435 lineup[108,4]                                   1              -3.299079
   3436 lineup[143,1]                                   1                 -5.495
   3437 lineup[143,2]                                   1               -4.38345
   3438 lineup[143,3]                                   1               -3.66163
   3439 lineup[143,4]                                   1               -2.63214
   3476 lineup[5,1]                                     1                 -5.338
   3477 lineup[5,2]                                     1                -3.1569
   3478 lineup[5,3]                                     1              -3.350955
   3479 lineup[5,4]                                     1              -2.331218
   3480 lineup[131,1]                                   1                 -5.615
   3481 lineup[131,2]                                   1               -3.79015
   3482 lineup[131,3]                                   1              -3.272925
   3527 lineup[230,4]                                   1              -2.828046
   3528 lineup[20,1]                                    1                 -5.157
   3530 lineup[20,3]                                    1              -3.212957
   3531 lineup[20,4]                                    1              -2.201024
   3536 lineup[148,1]                                   1                 -5.165
   3537 lineup[148,2]                                   1                -3.4901
   3538 lineup[148,3]                                   1              -3.048227
   3545 lineup[195,2]                                   1               -3.34475
   3546 lineup[195,3]                                   1              -3.793848
   3547 lineup[195,4]                                   1              -3.097032
   3624 lineup[112,1]                                   1                 -3.878
   3625 lineup[112,2]                                   1                -3.0753
   3627 lineup[112,4]                                   1              -2.745139
   4889 captain[308,2]                                  1               -6.20755
   4891 captain[308,4]                                  1              -4.003481
   4892 captain[355,1]                                  1                 -6.912
   4894 captain[355,3]                                  1              -5.553135
   6392 vicecap[308,1]                                  1                -0.6446
   6399 vicecap[355,4]                                  1              -0.395189
   6405 vicecap[373,2]                                  1               -0.45662
   6406 vicecap[373,3]                                  1              -0.448528
   8293 bench[131,4,1]                                  1              -0.429071
   8456 bench[230,1,0]                                  1               -0.12978
   8460 bench[230,2,0]                                  1              -0.086751
   8464 bench[230,3,0]                                  1              -0.078442
   8477 bench[20,2,1]                                   1              -0.631711
   8516 bench[148,4,0]                                  1              -0.061167
   8537 bench[195,1,1]                                  1               -0.69048
   8865 bench[112,3,1]                                  1              -0.584748
  12378 bench[538,1,2]                                  1               -0.05526
  12382 bench[538,2,2]                                  1              -0.045645
  12386 bench[538,3,2]                                  1              -0.036414
  12390 bench[538,4,2]                                  1              -0.040164
  12635 bench[82,1,3]                                   1              -0.002322
  12639 bench[82,2,3]                                   1              -0.001816
  12643 bench[82,3,3]                                   1               -0.00166
  12647 bench[82,4,3]                                   1              -0.001371
  13912 transfer_in[308,1]                              1              1.9916375
  13916 transfer_in[355,1]                              1               2.230634
  13924 transfer_in[373,1]                              1              1.3543135
  13932 transfer_in[19,1]                               1              1.3543135
  13960 transfer_in[108,1]                              1              1.0356515
  13964 transfer_in[143,1]                              1              1.0356515
  14004 transfer_in[5,1]                                1               0.796655
  14008 transfer_in[131,1]                              1               0.796655
  14052 transfer_in[230,1]                              1              0.7169895
  14056 transfer_in[20,1]                               1               0.796655
  14064 transfer_in[148,1]                              1              0.7169895
  14072 transfer_in[195,1]                              1              0.8763205
  14152 transfer_in[112,1]                              1              0.7169895
  15032 transfer_in[538,1]                              1              0.7169895
  15096 transfer_in[82,1]                               1              0.7169895
  16920 itb[0]                                        100                      0
  16921 itb[1]                                        0.5                      0
  16922 itb[2]                                        0.5                      0
  16923 itb[3]                                        0.5                      0
  16924 itb[4]                                        0.5                      0
  16926 ft[1]                                           1                   -1.5
  16927 ft[2]                                           1                 -1.275
  16928 ft[3]                                           2               -1.08375
  16929 ft[4]                                           2              -0.921187
  16936 aux[3]                                          1                      0
  16937 aux[4]                                          1                      0
